161.7418 0.581829419035847
169.2138 1.11306497554684
168.8681 1.15522652765088
169.7328 1.06247111302198
168.2623 1.23111732143817
165.9333 1.32387273606707
162.8929 1.68646208416187
156.8542 1.66116515289945
157.8093 1.7117590154243
160.0252 1.59370666953297
161.5839 1.56840973827054
166.1332 1.68646208416187
167.1987 1.67802977374107
168.3211 1.66959746332026
165.2449 1.81294674047402
165.9061 1.80451443005321
166.2174 1.58527435911216
166.8584 1.55154511742892
166.7125 1.56840973827054
167.9735 1.58527435911216
168.9607 1.49251894448326
131.7528 1.16365883807169
130.1054 1.05403880260117
128.7112 1.06247111302198
131.2725 1.02874187133874
132.5735 1.02874187133874
135.242 1.03717418175955
134.5938 1.04560649218036
129.8812 1.27327887354222
130.0006 1.27327887354222
134.3006 1.36603428817112
120.3523 1.02030956091793
122.1845 1.05403880260117
117.7941 1.08776804428441
117.8312 1.02030956091793
124.9913 1.13836190680927
124.3257 0.893824904605794
125.9628 0.961283387972269
125.1985 1.06247111302198
121.3869 0.995012629655506
124.1063 1.0793357338636
122.7915 0.961283387972269
121.8965 0.969715698393078
123.6521 0.952851077551459
123.716 1.01187725049712
130.4631 0.952851077551459
127.7909 1.08776804428441
125.5849 1.11306497554684
122.3534 1.10463266512603
125.8601 1.22268501101736
129.2657 1.14679421723007
129.6587 1.2564142527006
123.5096 1.19738807975493
128.7836 1.28171118396302
134.3033 1.30700811522545
134.6279 1.31544042564626
136.3809 1.36603428817112
136.4575 1.34073735690869
134.395 1.39133121943355
131.53 1.29014349438383
134.0249 1.35760197775031
134.6088 1.43349277153759
134.7367 1.42506046111678
134.8892 1.43349277153759
135.8213 1.41662815069597
128.0428 1.38289890901274
132.6848 1.37446659859193
132.6638 1.29014349438383
133.3115 1.39976352985436
134.8174 1.4419250819584
134.4188 1.45035739237921
132.6478 1.5262481861665
133.6463 1.50095125490407
134.8512 1.61057129037459
132.6315 1.68646208416187
134.0202 1.91413446552373
150.0821 1.50095125490407
145.4659 1.43349277153759
140.5458 1.19738807975493
142.3509 1.32387273606707
136.8369 1.09620035470522
142.0484 1.12149728596765
139.7617 1.26484656312141
139.036 1.33230504648788
137.956 1.23954963185898
141.3043 1.47565432364164
137.7574 1.62743591121621
152.4809 1.55154511742892
152.58 1.53468049658731
148.9677 1.69489439458268
153.7203 1.70332670500349
153.3543 1.73705594668673
151.8044 1.36603428817112
153.0157 1.29014349438383
151.5455 1.3491696673295
153.6853 1.27327887354222
100.0799 0.311995485569947
99.05493 0.354157037673994
96.15946 0.40475090019885
96.45179 0.421615521040469
103.7873 0.581829419035847
98.85587 0.413183210619659
100.3033 0.446912452302897
98.69968 0.413183210619659
95.4416 0.328860106411566
95.9886 0.303563175149137
97.0548 0.40475090019885
97.04242 0.430047831461278
101.7121 0.548100177352609
104.0747 0.649287902402322
102.014 0.623990971139894
104.3739 0.67458483366475
106.5864 0.733611006610415
123.7472 0.581829419035847
120.3487 0.590261729456656
127.3129 0.598694039877466
127.982 0.548100177352609
121.04 0.792637179556081
120.6806 0.758907937872844
128.0939 0.683017144085559
124.037 0.623990971139894
131.0089 0.463777073144516
129.4405 0.66615252324394
132.553 0.632423281560703
118.9344 0.843231042080937
124.753 0.742043317031225
123.0604 0.758907937872844
123.4411 0.733611006610415
124.1253 0.725178696189606
125.0064 0.691449454506369
125.4985 0.691449454506369
120.2344 0.843231042080937
128.6025 0.885392594184984
122.2365 0.93598645670984
123.8813 0.93598645670984
126.0139 0.876960283764175
113.8453 0.843231042080937
114.7021 0.826366421239319
117.3433 0.817934110818509
134.3303 0.683017144085559
128.5207 0.868527973343365
130.9827 0.784204869135272
126.7159 0.691449454506369
129.3994 0.691449454506369
127.3426 0.67458483366475
129.846 0.758907937872844
133.0482 0.623990971139894
132.6481 0.708314075347987
131.7261 0.784204869135272
128.5316 0.758907937872844
116.2409 1.02874187133874
113.4569 0.986580319234697
114.442 0.978148008813887
115.194 1.03717418175955
121.2606 1.00344494007632
108.5921 0.885392594184984
105.9936 0.826366421239319
109.4011 0.868527973343365
107.8977 0.927554146289031
115.1755 0.893824904605794
108.446 0.868527973343365
109.91 0.843231042080937
115.7096 0.952851077551459
114.5647 0.961283387972269
110.1737 0.733611006610415
114.2162 0.834798731660128
114.5831 0.868527973343365
112.8817 0.716746385768797
112.9094 0.716746385768797
115.3286 0.893824904605794
116.0969 0.919121835868222
115.7713 1.09620035470522
117.9416 0.94441876713065
116.5405 0.94441876713065
117.0368 0.969715698393078
117.0885 0.969715698393078
118.2951 0.927554146289031
121.266 1.02030956091793
117.3603 1.13836190680927
125.5496 1.01187725049712
117.8369 0.362589348094803
114.8165 0.227672381361853
113.7486 0.236104691782662
114.104 0.244537002203472
117.899 0.2698339334659
118.7914 0.252969312624281
120.7562 0.328860106411566
129.7543 0.413183210619659
129.5463 0.455344762723706
134.4153 0.623990971139894
122.8883 0.337292416832375
121.3181 0.2698339334659
120.5627 0.311995485569947
118.5587 0.261401623045091
117.1907 0.244537002203472
118.8254 0.2698339334659
120.5723 0.261401623045091
122.0273 0.328860106411566
123.1585 0.303563175149137
125.5846 0.345724727253184
127.9037 0.345724727253184
127.9664 0.337292416832375
123.7585 0.328860106411566
131.1313 0.430047831461278
137.8061 0.421615521040469
137.7901 0.362589348094803
136.3447 0.362589348094803
137.244 0.311995485569947
138.1012 0.337292416832375
139.5489 0.337292416832375
135.0164 0.446912452302897
135.6139 0.421615521040469
139.6515 0.303563175149137
132.5583 0.421615521040469
133.3834 0.438480141882087
137.713 0.396318589778041
133.0013 0.396318589778041
135.0998 0.379453968936422
99.81776 0.699881764927178
101.4453 0.716746385768797
102.483 0.733611006610415
102.2632 0.725178696189606
95.96222 0.8095018003977
97.03003 0.775772558714462
98.60093 0.775772558714462
93.77938 0.708314075347987
96.00291 0.733611006610415
97.37044 0.725178696189606
98.10328 0.767340248293653
98.19532 0.725178696189606
99.12899 0.767340248293653
99.77325 0.826366421239319
98.9689 0.758907937872844
99.96534 0.742043317031225
100.4529 0.742043317031225
100.3813 0.733611006610415
92.62873 0.868527973343365
92.86402 0.792637179556081
97.48695 0.8095018003977
95.97183 0.94441876713065
97.24585 0.927554146289031
96.94109 0.80106948997689
95.17909 0.843231042080937
92.29431 0.969715698393078
90.58288 0.961283387972269
93.7004 0.93598645670984
93.7423 0.969715698393078
94.09141 0.961283387972269
99.36487 0.851663352501747
101.8403 0.725178696189606
103.8452 0.767340248293653
107.4949 0.792637179556081
109.3603 0.8095018003977
103.9825 0.784204869135272
104.731 0.775772558714462
104.3198 0.775772558714462
106.8514 0.784204869135272
109.1843 0.775772558714462
101.5232 0.8095018003977
104.5302 0.775772558714462
90.14548 0.733611006610415
97.60441 0.733611006610415
96.20073 0.725178696189606
96.92604 0.699881764927178
96.49938 0.742043317031225
96.81617 0.758907937872844
96.24645 0.657720212823131
99.86547 0.767340248293653
99.16881 0.758907937872844
100.5093 0.792637179556081
99.97414 0.767340248293653
100.7999 0.775772558714462
99.95417 0.708314075347987
93.96088 0.691449454506369
94.03644 0.742043317031225
95.47082 0.725178696189606
95.33317 0.67458483366475
97.45393 0.683017144085559
94.09438 0.742043317031225
99.91724 0.66615252324394
101.1068 0.683017144085559
98.00503 0.733611006610415
100.2153 0.699881764927178
104.5639 0.817934110818509
103.3778 0.792637179556081
106.2886 0.792637179556081
105.8095 0.80106948997689
106.7959 0.817934110818509
108.0156 0.860095662922556
107.6164 0.834798731660128
102.5121 0.716746385768797
102.923 0.725178696189606
102.9034 0.708314075347987
104.1761 0.742043317031225
107.4725 0.860095662922556
109.1418 0.893824904605794
110.5528 0.868527973343365
110.5755 0.834798731660128
147.6583 1.57684204869135
149.2171 1.48408663406245
151.486 1.31544042564626
154.0304 1.57684204869135
153.2898 1.59370666953297
154.3063 1.48408663406245
156.6662 1.6190036007954
156.3742 1.49251894448326
156.2079 1.54311280700812
143.58 1.72862363626592
145.4787 1.70332670500349
146.2933 1.68646208416187
139.5808 2.10807760520234
141.9013 2.12494222604396
144.4876 1.93943139678616
148.1336 1.78764980921159
140.6749 1.41662815069597
141.1546 1.50095125490407
147.9206 1.65273284247864
144.8794 1.88040522384049
149.126 1.72019132584511
148.8064 1.56840973827054
129.3722 1.49251894448326
128.1527 1.5262481861665
126.1909 1.38289890901274
125.6691 1.40819584027517
136.7826 1.82137905089482
136.7884 1.77921749879078
136.6294 1.60213897995378
141.0877 1.53468049658731
142.015 1.73705594668673
142.8005 1.72019132584511
142.0206 1.78764980921159
149.3739 1.55154511742892
149.5224 1.50095125490407
148.8425 1.39976352985436
148.4601 1.68646208416187
157.7743 1.50095125490407
157.1034 1.18052345891331
152.28 1.39133121943355
150.2278 1.68646208416187
153.7276 1.53468049658731
154.5004 1.50938356532488
160.0199 1.11306497554684
146.7416 1.75392056752835
146.8841 1.73705594668673
145.7337 1.49251894448326
143.8655 1.74548825710754
145.3859 1.68646208416187
146.1154 1.54311280700812
148.6924 1.57684204869135
147.5537 1.60213897995378
149.7051 1.5262481861665
152.6372 1.3491696673295
152.9008 1.50938356532488
157.0168 1.49251894448326
156.4681 1.49251894448326
161.1413 1.38289890901274
157.7509 1.61057129037459
159.6153 1.67802977374107
154.0672 1.88040522384049
155.4791 1.87197291341968
131.4286 1.34073735690869
136.9812 1.3491696673295
132.5264 1.12992959638846
132.3495 1.05403880260117
133.7168 1.05403880260117
133.594 0.995012629655506
133.7149 1.37446659859193
133.729 1.18052345891331
132.8503 1.13836190680927
138.6919 1.33230504648788
140.1005 1.3491696673295
142.0313 1.19738807975493
144.742 1.11306497554684
139.9018 1.27327887354222
144.6814 1.33230504648788
146.6636 1.35760197775031
143.0002 0.93598645670984
144.3974 0.742043317031225
143.7876 1.19738807975493
147.9483 1.14679421723007
139.9565 1.16365883807169
142.7294 1.24798194227979
143.2101 1.16365883807169
137.4227 1.08776804428441
139.1836 1.16365883807169
140.9104 1.22268501101736
136.6476 0.969715698393078
138.3914 0.978148008813887
142.0834 0.969715698393078
143.8514 1.04560649218036
144.0318 0.995012629655506
140.5674 1.04560649218036
142.8515 0.978148008813887
143.1786 0.978148008813887
134.8033 0.969715698393078
138.1203 0.93598645670984
137.5901 0.649287902402322
138.9508 0.80106948997689
157.6588 1.81294674047402
157.0008 1.81294674047402
157.6939 1.87197291341968
158.1813 1.72019132584511
160.8768 1.7960821196324
157.1099 1.77078518836997
159.3217 1.90570215510292
162.6307 1.68646208416187
162.2451 1.77078518836997
152.3876 1.80451443005321
148.2469 1.69489439458268
145.0187 1.66116515289945
146.698 1.65273284247864
147.3955 1.66116515289945
148.9237 1.58527435911216
149.1049 1.5262481861665
154.8761 1.73705594668673
154.3286 1.72862363626592
154.4456 1.72019132584511
155.6019 1.77921749879078
156.5561 1.28171118396302
157.1966 1.26484656312141
163.283 1.35760197775031
159.3698 1.32387273606707
162.0029 1.33230504648788
164.7992 1.6190036007954
153.5681 1.34073735690869
153.2523 1.37446659859193
153.8674 1.40819584027517
155.3667 1.37446659859193
154.2448 1.35760197775031
154.1854 1.35760197775031
156.4945 1.47565432364164
156.8957 1.55154511742892
159.6648 1.59370666953297
160.387 1.61057129037459
159.7622 1.6190036007954
160.69 1.57684204869135
166.6149 1.64430053205783
168.4297 1.64430053205783
135.3083 0.446912452302897
129.9239 0.497506314827753
125.4673 0.548100177352609
127.274 0.480641693986134
128.2307 0.40475090019885
131.9551 0.446912452302897
132.1056 0.455344762723706
134.2088 0.472209383565325
129.8976 0.430047831461278
131.1462 0.438480141882087
133.6919 0.40475090019885
131.8116 0.421615521040469
131.2746 0.421615521040469
137.2096 0.446912452302897
134.5794 0.438480141882087
136.2754 0.430047831461278
136.5222 0.421615521040469
136.8069 0.40475090019885
139.2462 0.446912452302897
140.3023 0.463777073144516
129.1396 0.640855591981512
133.3729 0.531235556510991
131.1117 0.548100177352609
133.445 0.514370935669372
134.4714 0.514370935669372
133.267 0.480641693986134
138.9476 0.556532487773419
138.5778 0.564964798194228
138.6399 0.556532487773419
139.981 0.5396678669318
137.346 0.514370935669372
139.0147 0.497506314827753
168.4176 0.438480141882087
169.5496 0.463777073144516
169.6788 0.514370935669372
168.927 0.505938625248562
168.3904 0.505938625248562
170.0319 0.573397108615037
169.6902 0.5396678669318
169.5701 0.573397108615037
165.0365 0.548100177352609
166.9816 0.5396678669318
166.4308 0.522803246090181
167.7701 0.514370935669372
167.6464 0.531235556510991
167.6376 0.548100177352609
167.8623 0.505938625248562
169.6248 0.497506314827753
169.4559 0.910689525447412
169.5437 0.767340248293653
167.8302 0.910689525447412
168.7864 0.93598645670984
158.1375 0.708314075347987
158.9496 0.691449454506369
161.0624 0.691449454506369
163.8758 0.683017144085559
158.1283 0.80106948997689
158.4691 0.868527973343365
157.0504 0.826366421239319
160.2128 0.851663352501747
160.9307 0.860095662922556
161.4084 0.860095662922556
159.9391 0.834798731660128
160.4517 0.826366421239319
161.2362 0.834798731660128
160.3569 0.792637179556081
164.5544 0.66615252324394
167.3362 0.683017144085559
168.4321 0.716746385768797
166.6633 0.758907937872844
166.6238 0.80106948997689
169.3359 0.893824904605794
169.8722 0.919121835868222
137.373 0.876960283764175
137.8446 0.843231042080937
137.2787 0.826366421239319
132.287 0.699881764927178
136.6299 0.640855591981512
134.2856 0.649287902402322
135.9953 0.598694039877466
139.7776 0.851663352501747
137.0443 0.792637179556081
138.7046 0.851663352501747
138.9168 0.784204869135272
139.4443 0.8095018003977
133.4776 0.885392594184984
130.914 0.733611006610415
132.4684 0.733611006610415
134.4295 0.8095018003977
135.0764 0.919121835868222
135.2427 0.851663352501747
143.2971 1.07090342344279
141.0304 0.969715698393078
139.5738 0.93598645670984
139.8211 0.93598645670984
142.0583 0.986580319234697
143.4722 1.03717418175955
144.672 1.04560649218036
147.7409 1.05403880260117
132.3576 0.868527973343365
140.5063 1.06247111302198
145.3295 0.750475627452034
146.9223 0.750475627452034
146.5364 0.691449454506369
149.7597 0.556532487773419
148.956 0.750475627452034
150.3518 0.733611006610415
151.6535 0.623990971139894
152.6102 0.699881764927178
141.2017 0.632423281560703
142.3346 0.67458483366475
142.6127 0.817934110818509
146.7252 0.961283387972269
143.9692 0.817934110818509
145.5566 0.868527973343365
144.9132 0.851663352501747
145.1975 0.843231042080937
150.1718 1.09620035470522
149.7686 1.03717418175955
152.0881 1.02030956091793
150.5588 0.952851077551459
151.1052 0.94441876713065
150.4845 0.910689525447412
150.641 0.885392594184984
151.8097 0.817934110818509
155.5641 0.615558660719084
153.9156 0.607126350298275
161.3308 0.607126350298275
161.3128 0.649287902402322
157.3743 0.834798731660128
158.7636 0.860095662922556
157.3357 0.843231042080937
164.3047 0.792637179556081
151.0319 0.632423281560703
150.5402 0.66615252324394
154.6126 0.691449454506369
154.5742 0.67458483366475
154.368 0.67458483366475
155.2486 0.708314075347987
158.5557 0.817934110818509
157.5001 0.8095018003977
159.1283 0.817934110818509
168.5597 1.06247111302198
158.5584 0.851663352501747
155.9779 0.868527973343365
157.221 0.876960283764175
158.211 0.817934110818509
159.7563 0.851663352501747
159.3679 0.834798731660128
159.7301 0.843231042080937
160.8971 0.885392594184984
162.8904 0.868527973343365
145.8394 0.607126350298275
151.0637 0.725178696189606
166.9006 0.969715698393078
161.9981 0.750475627452034
164.5987 0.775772558714462
162.3271 0.792637179556081
167.8311 0.767340248293653
168.7698 0.94441876713065
168.7222 0.961283387972269
167.3793 0.742043317031225
168.3962 0.868527973343365
162.4809 0.750475627452034
164.0275 0.742043317031225
163.371 0.742043317031225
163.2531 0.742043317031225
159.9482 0.784204869135272
160.5273 0.784204869135272
160.199 0.876960283764175
163.1185 0.843231042080937
160.8566 0.969715698393078
163.9114 0.851663352501747
169.0355 0.699881764927178
169.632 0.716746385768797
169.8225 0.725178696189606
163.1986 0.927554146289031
159.1789 1.0793357338636
163.1541 0.952851077551459
167.7074 0.851663352501747
166.7671 0.910689525447412
167.9361 0.843231042080937
167.6295 0.851663352501747
168.1357 0.902257215026603
168.5845 0.860095662922556
165.3528 0.919121835868222
165.9103 0.919121835868222
157.5783 1.1720911484925
158.2318 1.13836190680927
158.5738 1.12992959638846
162.161 1.04560649218036
169.2535 0.826366421239319
169.9092 0.742043317031225
153.6397 0.961283387972269
153.2625 1.00344494007632
153.7764 0.910689525447412
154.1299 0.902257215026603
156.405 0.93598645670984
158.8777 0.919121835868222
160.087 0.868527973343365
155.5594 0.902257215026603
154.942 1.0793357338636
154.2672 1.10463266512603
151.503 1.05403880260117
152.6505 1.04560649218036
153.2322 1.01187725049712
158.8922 0.94441876713065
161.781 0.910689525447412
151.2796 0.927554146289031
151.9862 0.919121835868222
156.3367 0.902257215026603
157.2552 0.919121835868222
157.0809 0.817934110818509
156.4548 0.792637179556081
156.8261 0.952851077551459
157.1541 0.868527973343365
159.2565 0.8095018003977
158.1633 0.767340248293653
157.3123 0.767340248293653
158.7048 0.716746385768797
158.5599 0.733611006610415
157.9739 0.902257215026603
161.7689 0.860095662922556
160.8972 0.8095018003977
163.6532 0.767340248293653
165.1516 0.758907937872844
163.853 0.581829419035847
165.3526 0.5396678669318
163.6028 0.691449454506369
167.4858 0.649287902402322
169.8333 0.657720212823131
156.1708 0.868527973343365
163.6279 0.8095018003977
161.7716 0.843231042080937
163.2793 0.843231042080937
165.0793 0.826366421239319
165.5146 0.8095018003977
166.091 0.8095018003977
165.5829 0.792637179556081
165.9588 0.775772558714462
55.71045 0.93598645670984
55.46881 0.902257215026603
55.05645 0.94441876713065
58.2221 1.05403880260117
59.07058 0.978148008813887
54.60837 1.0793357338636
73.78608 0.413183210619659
74.95002 0.362589348094803
67.48476 0.691449454506369
68.64989 0.708314075347987
72.44578 0.548100177352609
72.80358 0.531235556510991
75.93046 0.387886279357231
49.92362 0.969715698393078
53.64024 1.06247111302198
54.99757 0.952851077551459
54.22074 0.893824904605794
55.03384 0.995012629655506
53.3438 0.927554146289031
54.8714 0.876960283764175
55.19347 0.885392594184984
56.86476 0.817934110818509
58.40756 0.725178696189606
58.40939 0.792637179556081
57.12567 0.792637179556081
58.72923 0.758907937872844
58.64367 0.80106948997689
62.37461 0.792637179556081
63.37117 0.775772558714462
66.78447 0.860095662922556
62.0421 0.961283387972269
60.90276 0.986580319234697
62.85302 0.969715698393078
58.3664 1.03717418175955
62.14335 0.952851077551459
63.57435 0.902257215026603
66.8214 0.843231042080937
71.16107 0.8095018003977
74.07197 0.767340248293653
75.67286 0.750475627452034
76.63146 0.750475627452034
78.82939 0.581829419035847
78.78392 0.817934110818509
76.3633 0.851663352501747
78.01565 0.843231042080937
77.95154 0.826366421239319
79.05581 0.8095018003977
78.75204 0.851663352501747
78.24909 0.860095662922556
76.5432 0.80106948997689
74.54267 0.834798731660128
73.44797 0.860095662922556
72.47628 0.885392594184984
73.09919 0.860095662922556
77.34996 0.843231042080937
76.5617 0.885392594184984
76.36302 0.876960283764175
74.07052 0.910689525447412
77.45696 0.910689525447412
85.32671 0.725178696189606
85.86968 0.733611006610415
81.65039 0.817934110818509
89.97918 0.961283387972269
90.90518 0.978148008813887
91.99204 0.860095662922556
93.9337 0.927554146289031
72.15672 0.860095662922556
71.10345 0.843231042080937
75.25488 0.919121835868222
76.53675 0.93598645670984
80.72854 0.826366421239319
79.28348 0.919121835868222
81.62016 0.927554146289031
79.66444 0.919121835868222
82.35246 0.93598645670984
80.12022 0.910689525447412
79.28402 0.919121835868222
79.24639 0.927554146289031
85.14747 0.986580319234697
86.35732 0.93598645670984
89.04862 1.03717418175955
87.77394 0.868527973343365
90.22804 0.860095662922556
89.22339 1.11306497554684
85.42699 1.02874187133874
86.61164 1.07090342344279
86.76931 1.02030956091793
89.19717 1.08776804428441
88.87567 1.09620035470522
80.25643 0.843231042080937
83.36374 0.986580319234697
76.35065 0.598694039877466
81.52546 0.834798731660128
83.16582 0.548100177352609
85.21951 0.691449454506369
86.87261 0.683017144085559
84.05865 0.733611006610415
88.93143 0.8095018003977
89.1926 0.8095018003977
92.15075 0.716746385768797
94.05309 0.725178696189606
92.37147 0.826366421239319
94.6503 0.851663352501747
80.76893 0.910689525447412
81.7906 0.910689525447412
84.57906 0.851663352501747
89.33346 0.767340248293653
91.1355 0.750475627452034
86.61684 0.767340248293653
86.27355 0.649287902402322
89.53428 0.590261729456656
89.62004 0.725178696189606
92.33313 0.725178696189606
93.683 0.598694039877466
95.87363 0.8095018003977
92.02213 0.556532487773419
94.63035 0.5396678669318
89.20535 0.573397108615037
87.73824 0.522803246090181
97.81524 0.455344762723706
99.51808 0.446912452302897
102.399 0.438480141882087
100.7507 0.430047831461278
104.1254 0.463777073144516
97.0884 0.522803246090181
100.3892 0.775772558714462
100.1941 0.885392594184984
99.84076 0.893824904605794
100.2936 0.893824904605794
101.24 0.868527973343365
103.0843 0.784204869135272
107.7072 0.919121835868222
111.4095 1.11306497554684
105.7614 1.12992959638846
108.0845 1.22268501101736
107.1554 1.19738807975493
111.1254 1.20582039017574
138.0891 0.581829419035847
135.8101 0.489074004406944
135.2081 0.522803246090181
133.9834 0.455344762723706
132.3521 0.556532487773419
134.2096 0.683017144085559
135.5541 0.66615252324394
129.6883 0.556532487773419
133.9546 0.927554146289031
130.9433 0.784204869135272
130.1717 0.632423281560703
134.9337 0.961283387972269
136.5651 0.94441876713065
131.9518 0.775772558714462
128.5666 0.792637179556081
130.368 0.851663352501747
128.8106 0.876960283764175
130.746 0.826366421239319
132.8997 0.902257215026603
131.606 0.919121835868222
133.6441 0.995012629655506
127.2799 0.995012629655506
128.4793 0.995012629655506
129.4211 0.868527973343365
127.6313 0.93598645670984
120.5509 0.893824904605794
121.7341 0.927554146289031
124.906 1.09620035470522
125.8558 1.08776804428441
128.9275 1.26484656312141
129.5045 1.29014349438383
129.7058 1.26484656312141
124.6747 1.06247111302198
123.6764 1.05403880260117
123.3265 1.02030956091793
123.4255 1.03717418175955
123.8217 1.02874187133874
124.9841 1.13836190680927
126.7545 1.20582039017574
128.117 1.29014349438383
126.4477 1.31544042564626
128.1967 1.02030956091793
128.608 1.00344494007632
127.0126 1.11306497554684
128.2436 1.15522652765088
125.2964 0.952851077551459
125.3715 1.01187725049712
135.1158 1.49251894448326
137.655 1.54311280700812
130.737 1.39133121943355
131.8489 1.4419250819584
132.4704 1.49251894448326
130.6909 1.39133121943355
132.8704 1.5262481861665
140.4782 1.3491696673295
139.9833 1.38289890901274
133.6691 1.34073735690869
133.234 1.50938356532488
135.095 1.34073735690869
159.2226 0.573397108615037
155.7911 0.792637179556081
153.1047 0.792637179556081
153.487 0.843231042080937
151.9024 0.834798731660128
149.82 1.03717418175955
152.6569 0.961283387972269
152.2016 1.06247111302198
152.3958 1.12149728596765
152.4711 1.15522652765088
153.6469 0.94441876713065
155.8717 0.952851077551459
155.2631 0.699881764927178
148.5348 0.927554146289031
149.3706 0.826366421239319
150.0102 0.876960283764175
153.6157 0.733611006610415
153.8096 0.775772558714462
155.4423 0.716746385768797
148.2289 1.08776804428441
149.8393 1.05403880260117
147.2775 1.4419250819584
141.6005 1.45035739237921
141.5481 1.54311280700812
143.9033 1.50938356532488
148.5014 1.41662815069597
158.2611 0.910689525447412
158.452 0.910689525447412
158.2718 0.927554146289031
155.1334 1.11306497554684
155.8425 1.0793357338636
159.8834 0.893824904605794
155.9274 1.11306497554684
154.8171 1.2564142527006
155.5931 1.15522652765088
144.4752 1.75392056752835
143.3798 1.73705594668673
144.0956 1.67802977374107
148.406 1.67802977374107
146.3816 1.67802977374107
145.9886 1.42506046111678
155.5572 1.24798194227979
156.35 1.16365883807169
156.5009 1.06247111302198
161.7009 0.775772558714462
160.3855 0.893824904605794
160.777 0.843231042080937
164.8599 0.598694039877466
165.3407 0.623990971139894
165.8598 0.5396678669318
160.8415 0.683017144085559
161.0946 0.691449454506369
163.011 0.632423281560703
145.6369 1.50938356532488
145.9835 1.49251894448326
147.6612 1.45878970280002
150.296 1.31544042564626
151.3562 1.29014349438383
151.2947 1.05403880260117
151.3647 1.08776804428441
149.8798 1.0793357338636
151.9711 1.02874187133874
157.1028 0.94441876713065
155.0932 1.08776804428441
155.2414 1.08776804428441
157.1153 1.03717418175955
159.9639 0.893824904605794
161.9128 0.851663352501747
165.5567 0.67458483366475
152.0093 0.885392594184984
152.7222 0.885392594184984
152.4591 0.851663352501747
151.7771 0.8095018003977
150.6876 0.995012629655506
151.1909 0.792637179556081
153.0973 0.733611006610415
163.464 0.67458483366475
165.4327 0.649287902402322
164.3371 0.649287902402322
162.6829 0.632423281560703
166.6905 0.463777073144516
166.5744 0.463777073144516
161.6304 0.5396678669318
160.0748 0.5396678669318
166.0491 0.446912452302897
164.5858 0.413183210619659
166.7084 0.505938625248562
121.7632 1.21425270059655
121.096 1.18895576933412
124.2639 1.2564142527006
124.7993 1.2564142527006
130.6231 1.39133121943355
127.9417 1.43349277153759
136.0758 1.51781587574569
124.7332 1.31544042564626
119.8168 0.978148008813887
121.3058 1.07090342344279
119.3175 0.893824904605794
124.993 1.2564142527006
126.4781 1.34073735690869
126.3635 1.38289890901274
126.0876 1.32387273606707
127.1191 1.39133121943355
132.1543 1.5262481861665
130.6835 1.45035739237921
132.2856 1.51781587574569
126.0636 1.20582039017574
129.2697 1.32387273606707
133.2057 1.62743591121621
134.4255 1.47565432364164
136.4084 1.48408663406245
135.923 1.56840973827054
126.3569 1.38289890901274
120.5043 1.22268501101736
124.6315 1.37446659859193
123.0689 1.35760197775031
123.0628 1.31544042564626
122.6011 1.28171118396302
135.6258 1.66116515289945
135.0664 1.55997742784973
137.7052 1.68646208416187
130.8463 1.5262481861665
134.2685 1.54311280700812
136.9912 1.49251894448326
138.0742 1.39976352985436
138.156 1.38289890901274
135.653 1.32387273606707
148.781 1.3491696673295
150.8323 1.37446659859193
147.4894 1.32387273606707
149.9581 1.24798194227979
149.2387 1.19738807975493
144.6529 1.55154511742892
136.3173 1.49251894448326
142.2704 1.36603428817112
141.1569 1.33230504648788
141.4886 1.40819584027517
138.2524 1.37446659859193
141.1129 1.35760197775031
143.4468 1.29014349438383
142.6479 1.28171118396302
136.1157 1.30700811522545
137.9 1.32387273606707
141.3223 1.33230504648788
140.0785 1.35760197775031
143.168 1.32387273606707
144.1259 1.32387273606707
145.1543 1.2564142527006
143.3804 1.23111732143817
144.0139 1.28171118396302
146.2431 1.11306497554684
151.8918 0.995012629655506
151.7154 0.952851077551459
147.5511 1.16365883807169
153.6631 0.986580319234697
149.9836 0.995012629655506
107.1984 0.699881764927178
108.0448 0.67458483366475
110.4209 0.708314075347987
112.1285 0.742043317031225
106.7805 0.640855591981512
110.6643 0.699881764927178
106.2274 0.716746385768797
103.3045 0.860095662922556
103.6131 0.834798731660128
103.5338 0.860095662922556
103.0237 0.868527973343365
109.5735 0.910689525447412
110.1655 0.868527973343365
109.2456 0.902257215026603
107.7317 0.927554146289031
110.4914 0.919121835868222
111.9686 0.93598645670984
111.4936 0.817934110818509
112.1558 0.784204869135272
106.6562 0.851663352501747
108.485 0.893824904605794
112.3741 0.919121835868222
116.6132 0.843231042080937
113.9425 0.8095018003977
114.231 0.792637179556081
120.136 0.919121835868222
115.77 0.969715698393078
123.5257 1.02874187133874
123.5085 1.03717418175955
122.6688 1.07090342344279
112.8237 0.93598645670984
113.6444 0.961283387972269
116.6715 0.902257215026603
117.017 0.919121835868222
118.1263 0.927554146289031
118.2546 0.93598645670984
118.0843 0.978148008813887
116.6969 0.94441876713065
130.5514 0.590261729456656
130.8353 0.581829419035847
133.2311 0.581829419035847
120.0971 0.834798731660128
116.0519 0.902257215026603
118.2421 0.969715698393078
119.8399 1.01187725049712
122.1802 0.902257215026603
121.0151 1.01187725049712
126.3724 1.01187725049712
124.243 0.995012629655506
125.2589 1.01187725049712
121.0928 0.978148008813887
124.6831 1.01187725049712
122.8929 1.01187725049712
123.2167 1.06247111302198
127.204 1.10463266512603
130.1669 1.07090342344279
130.4227 1.0793357338636
123.466 0.919121835868222
119.0446 0.94441876713065
119.7731 1.23954963185898
119.6431 1.23954963185898
120.2083 1.36603428817112
122.1689 1.36603428817112
121.049 1.32387273606707
122.7288 1.31544042564626
122.4897 1.07090342344279
123.6318 1.10463266512603
123.9572 1.14679421723007
127.4423 0.986580319234697
131.6767 1.03717418175955
125.9013 0.868527973343365
126.1776 0.876960283764175
125.8742 0.885392594184984
124.4485 0.927554146289031
121.565 0.885392594184984
120.8725 0.843231042080937
121.3965 0.843231042080937
121.2675 0.834798731660128
122.074 0.843231042080937
122.0062 0.817934110818509
124.8121 0.868527973343365
120.9596 0.902257215026603
123.0537 0.969715698393078
122.6742 0.961283387972269
126.009 1.02030956091793
125.6111 0.834798731660128
125.6959 0.826366421239319
129.2224 0.826366421239319
130.1545 0.8095018003977
130.5016 0.834798731660128
131.0369 0.834798731660128
131.0156 0.834798731660128
130.3479 0.93598645670984
132.6868 0.860095662922556
136.5141 0.733611006610415
132.0191 0.826366421239319
132.8179 0.851663352501747
132.0499 0.758907937872844
131.5062 0.8095018003977
132.4211 0.792637179556081
132.8372 0.733611006610415
136.9384 0.742043317031225
135.2262 0.758907937872844
151.1654 0.927554146289031
151.3432 1.08776804428441
158.3533 0.725178696189606
145.932 1.0793357338636
148.7163 0.961283387972269
146.8015 0.969715698393078
146.6595 0.927554146289031
148.5777 0.995012629655506
148.5928 0.978148008813887
144.3152 0.851663352501747
144.4241 0.876960283764175
144.5262 0.8095018003977
150.9697 0.893824904605794
149.6938 0.952851077551459
153.9803 0.919121835868222
157.2981 0.683017144085559
159.2595 0.590261729456656
159.7277 0.548100177352609
140.8973 1.23111732143817
134.6414 1.27327887354222
134.8919 1.07090342344279
133.0655 1.08776804428441
136.9085 1.07090342344279
138.3263 1.02030956091793
128.2714 1.10463266512603
126.5695 1.07090342344279
127.3392 1.0793357338636
122.4571 0.927554146289031
123.2348 0.961283387972269
130.0447 1.09620035470522
130.1588 1.06247111302198
128.9691 1.02030956091793
135.818 1.15522652765088
134.82 1.14679421723007
135.9379 1.14679421723007
136.3521 1.1720911484925
136.9348 1.16365883807169
130.6786 1.2564142527006
139.3402 1.18052345891331
128.9654 0.995012629655506
130.2534 0.978148008813887
128.5174 0.834798731660128
134.0802 0.919121835868222
133.0411 0.927554146289031
132.2079 0.93598645670984
145.8933 1.39133121943355
143.7965 1.46722201322083
143.7413 1.3491696673295
142.5367 1.22268501101736
152.4082 1.29857580480464
149.5634 1.36603428817112
158.8598 1.02874187133874
106.1547 1.14679421723007
107.8705 1.23954963185898
107.7126 1.21425270059655
105.6847 1.13836190680927
106.5423 1.16365883807169
106.9074 1.13836190680927
108.5909 1.19738807975493
109.0394 1.24798194227979
109.1845 1.19738807975493
107.9329 1.24798194227979
108.5575 1.22268501101736
111.6312 1.29857580480464
110.9973 1.33230504648788
111.1654 1.35760197775031
112.7074 1.41662815069597
114.2342 1.50938356532488
101.4356 1.03717418175955
96.35986 0.961283387972269
98.47115 0.961283387972269
97.65321 0.94441876713065
102.7547 1.11306497554684
100.2581 1.01187725049712
102.8448 1.07090342344279
106.6417 1.07090342344279
105.6384 1.0793357338636
109.5768 1.14679421723007
105.1695 1.03717418175955
108.4357 1.15522652765088
112.4591 1.24798194227979
116.7225 1.32387273606707
117.023 1.33230504648788
107.607 1.15522652765088
103.8973 1.04560649218036
105.528 1.06247111302198
106.7232 1.02030956091793
108.7757 1.12992959638846
110.5301 1.23954963185898
115.9667 1.20582039017574
118.8317 0.94441876713065
118.2328 1.06247111302198
113.5649 1.19738807975493
116.0281 1.40819584027517
111.427 0.978148008813887
112.4619 1.00344494007632
112.9552 1.05403880260117
113.8489 0.978148008813887
114.4363 1.19738807975493
119.8701 1.33230504648788
117.1282 1.3491696673295
120.0969 1.28171118396302
122.9192 1.47565432364164
122.6672 1.41662815069597
127.1036 1.45035739237921
130.9083 1.15522652765088
125.2702 1.42506046111678
126.561 1.36603428817112
124.0167 1.41662815069597
129.3518 1.23111732143817
129.4463 1.13836190680927
126.711 1.29857580480464
125.6092 1.33230504648788
130.3863 1.28171118396302
131.302 1.22268501101736
132.0055 1.23954963185898
133.3422 1.1720911484925
134.222 1.03717418175955
129.8295 1.10463266512603
132.9199 1.14679421723007
134.6953 0.961283387972269
134.2558 1.03717418175955
135.4302 0.94441876713065
135.5325 0.902257215026603
135.8139 0.927554146289031
138.2014 0.876960283764175
136.781 0.995012629655506
135.606 1.06247111302198
140.9345 1.12149728596765
141.8806 1.0793357338636
138.8998 1.08776804428441
134.7106 1.38289890901274
136.635 1.29014349438383
137.0716 1.33230504648788
140.579 1.20582039017574
137.3719 1.30700811522545
142.6536 1.18895576933412
143.435 1.12149728596765
141.2622 1.23954963185898
141.6711 1.31544042564626
142.5169 1.35760197775031
142.768 1.34073735690869
134.7775 1.09620035470522
136.2888 1.40819584027517
133.25 1.48408663406245
132.3407 1.39976352985436
132.6059 1.40819584027517
130.078 1.47565432364164
130.9995 1.53468049658731
133.1952 1.49251894448326
133.5349 1.50095125490407
134.6617 1.24798194227979
137.4197 1.12992959638846
139.8122 1.20582039017574
139.6753 1.2564142527006
139.9235 1.30700811522545
143.4872 1.23954963185898
142.6719 1.02030956091793
144.2895 0.969715698393078
140.7771 1.19738807975493
140.2273 1.13836190680927
140.7959 1.14679421723007
141.6782 1.21425270059655
142.4793 1.46722201322083
143.8646 1.50095125490407
144.3348 1.50095125490407
144.0908 1.4419250819584
138.3992 1.55154511742892
139.0664 1.56840973827054
141.9071 1.55154511742892
141.7595 1.55154511742892
142.2482 1.50938356532488
133.6238 0.708314075347987
129.5762 0.750475627452034
130.2671 0.657720212823131
132.2853 0.556532487773419
137.0878 0.758907937872844
127.5374 0.716746385768797
129.3842 0.758907937872844
129.6249 0.775772558714462
129.5964 0.758907937872844
126.1198 0.640855591981512
128.3358 0.691449454506369
127.979 0.742043317031225
127.5778 0.691449454506369
127.9672 0.699881764927178
129.9372 0.792637179556081
134.7499 0.94441876713065
138.2113 1.05403880260117
133.509 0.826366421239319
136.8619 0.885392594184984
139.2938 0.978148008813887
139.5227 1.05403880260117
138.7793 0.860095662922556
134.7908 0.590261729456656
136.8483 0.66615252324394
137.8813 0.67458483366475
136.3802 0.497506314827753
138.7366 0.876960283764175
139.8811 0.927554146289031
138.8742 0.8095018003977
139.964 0.919121835868222
142.2761 0.910689525447412
142.8218 0.969715698393078
144.093 0.826366421239319
146.4478 0.834798731660128
144.0869 0.986580319234697
138.6668 0.969715698393078
141.0576 1.01187725049712
150.803 0.742043317031225
158.0607 0.8095018003977
154.862 0.860095662922556
158.7153 0.750475627452034
155.1517 0.826366421239319
151.5698 0.876960283764175
152.5006 0.93598645670984
156.991 0.775772558714462
156.8972 0.843231042080937
158.3774 0.733611006610415
159.5213 0.691449454506369
161.1198 0.505938625248562
162.0928 0.472209383565325
163.1969 0.505938625248562
162.6352 0.649287902402322
163.5727 0.573397108615037
163.6358 0.522803246090181
165.348 0.497506314827753
167.1723 0.446912452302897
167.5414 0.472209383565325
169.3582 0.995012629655506
168.8003 1.08776804428441
169.9574 1.09620035470522
166.9615 1.18052345891331
155.9204 0.876960283764175
160.3305 0.94441876713065
160.212 0.986580319234697
166.223 0.851663352501747
164.9526 0.851663352501747
166.9047 0.851663352501747
158.7292 0.345724727253184
159.3167 0.387886279357231
157.8647 0.438480141882087
157.6986 0.438480141882087
155.5643 0.371021658515612
162.8547 0.446912452302897
160.5302 1.05403880260117
162.3866 1.05403880260117
163.429 0.843231042080937
164.2067 0.961283387972269
163.6132 0.876960283764175
166.0076 0.93598645670984
166.6896 1.00344494007632
166.7309 1.19738807975493
161.7664 0.514370935669372
163.7338 0.497506314827753
163.1802 0.598694039877466
161.9017 0.792637179556081
162.2865 0.472209383565325
163.1275 0.446912452302897
161.5461 0.522803246090181
166.6265 0.505938625248562
141.092 0.834798731660128
140.553 0.868527973343365
140.9763 0.876960283764175
142.8452 0.868527973343365
146.2795 0.767340248293653
146.2924 0.750475627452034
148.99 0.657720212823131
149.2056 0.640855591981512
148.9842 0.657720212823131
149.8502 0.607126350298275
149.54 0.615558660719084
147.2397 0.683017144085559
148.5316 0.632423281560703
145.8095 0.767340248293653
144.67 0.834798731660128
144.2468 0.94441876713065
146.3286 0.986580319234697
147.603 0.893824904605794
147.4265 0.893824904605794
157.0179 0.337292416832375
155.1639 0.430047831461278
153.0387 0.480641693986134
153.8674 0.472209383565325
156.2436 0.505938625248562
161.0395 0.354157037673994
121.9664 1.42506046111678
132.0191 1.2564142527006
136.2679 1.04560649218036
146.6933 0.902257215026603
145.8872 1.11306497554684
145.1449 1.2564142527006
148.7069 1.0793357338636
148.1823 1.08776804428441
149.576 1.16365883807169
153.945 1.27327887354222
142.6606 1.15522652765088
143.5042 1.23954963185898
144.995 1.1720911484925
150.5652 1.39976352985436
152.4826 1.35760197775031
153.5028 1.41662815069597
151.8692 1.55154511742892
153.0853 1.6190036007954
138.4073 0.564964798194228
142.1743 0.67458483366475
143.6844 0.67458483366475
143.2487 0.657720212823131
142.1965 0.716746385768797
145.2062 0.775772558714462
145.2753 0.758907937872844
145.9563 0.742043317031225
141.2025 0.522803246090181
143.1747 0.497506314827753
140.0088 0.480641693986134
142.105 0.430047831461278
143.5042 0.463777073144516
146.9133 0.522803246090181
152.8923 0.489074004406944
150.8972 0.581829419035847
152.4397 0.472209383565325
151.6707 0.607126350298275
150.8046 0.607126350298275
158.9938 0.252969312624281
157.3087 0.236104691782662
159.1894 0.371021658515612
154.5189 0.328860106411566
159.7022 0.430047831461278
159.7743 0.40475090019885
159.983 0.421615521040469
161.3845 0.252969312624281
162.1252 0.286698554307519
161.5559 0.210807760520234
161.4726 0.379453968936422
158.563 0.430047831461278
158.2005 0.413183210619659
159.9932 0.387886279357231
161.3438 0.379453968936422
162.1471 0.396318589778041
162.176 0.396318589778041
162.6224 0.371021658515612
167.1392 0.699881764927178
165.1392 0.573397108615037
165.9196 0.598694039877466
155.7119 1.48408663406245
156.08 1.78764980921159
156.805 1.84667598215725
159.0819 1.76235287794916
159.5536 1.77078518836997
159.4823 1.77078518836997
161.0784 1.50095125490407
159.1207 1.46722201322083
159.7395 1.96472832804858
160.6502 1.85510829257806
160.6033 1.94786370720697
160.9385 2.03218681141506
156.0383 1.86354060299887
161.3982 2.14180684688558
161.3925 1.9815929488902
162.6023 2.00688988015263
163.4913 2.04905143225668
159.6682 1.93943139678616
158.5477 1.78764980921159
162.5907 1.82981136131563
161.115 1.68646208416187
162.0772 1.78764980921159
165.9166 1.82137905089482
164.9603 1.78764980921159
162.6242 1.75392056752835
164.9974 1.55154511742892
168.3684 1.41662815069597
168.1816 1.61057129037459
169.6168 1.4419250819584
168.8238 1.65273284247864
165.6216 2.15023915730639
163.326 1.90570215510292
154.6659 1.77078518836997
154.5997 1.7960821196324
151.6873 1.49251894448326
152.2171 1.5262481861665
154.9604 1.45878970280002
157.2863 1.63586822163702
158.2868 1.70332670500349
159.3439 1.80451443005321
160.4504 1.82137905089482
147.1986 1.16365883807169
150.2075 1.21425270059655
144.479 1.06247111302198
148.0641 1.14679421723007
147.1783 1.16365883807169
152.4483 1.45035739237921
149.2519 1.3491696673295
152.4139 1.31544042564626
153.8282 1.24798194227979
153.2531 1.03717418175955
153.8508 1.05403880260117
153.1461 1.18895576933412
152.8384 1.1720911484925
155.2439 1.1720911484925
156.7368 1.29857580480464
156.9657 1.39976352985436
151.4429 1.26484656312141
151.9204 1.22268501101736
154.4802 1.26484656312141
156.6273 1.67802977374107
158.3721 1.72019132584511
156.7471 1.50938356532488
158.6888 1.56840973827054
160.9736 1.75392056752835
162.4188 1.78764980921159
162.495 1.83824367173644
162.9719 1.84667598215725
163.659 1.86354060299887
169.7619 1.84667598215725
162.6678 0.910689525447412
167.738 1.08776804428441
158.7915 0.876960283764175
161.4549 0.919121835868222
162.6292 1.00344494007632
164.3009 1.33230504648788
165.9246 1.32387273606707
165.335 1.95629601762777
167.9759 1.76235287794916
169.825 1.73705594668673
164.9387 1.82137905089482
168.461 1.86354060299887
170.0167 1.8888375342613
169.6155 1.70332670500349
163.9502 1.06247111302198
163.7 1.18052345891331
163.1779 1.20582039017574
157.2394 1.34073735690869
162.7437 1.18895576933412
165.6171 1.16365883807169
168.0513 1.13836190680927
169.5892 0.725178696189606
