161.7418 25.5941680602007
169.2138 48.9627562890795
168.8681 50.8174061485144
169.7328 46.7371764577577
168.2623 54.1557758954971
165.9333 58.2360055862537
162.8929 74.1859943773932
156.8542 73.0732044617323
157.8093 75.2987842930541
160.0252 70.1057646866366
161.5839 68.9929747709757
166.1332 74.1859943773932
167.1987 73.8150644055063
168.3211 73.4441344336193
165.2449 79.7499439556977
165.9061 79.3790139838108
166.2174 69.7348347147496
166.8584 68.2511148272018
166.7125 68.9929747709757
167.9735 69.7348347147496
168.9607 65.654605023993
131.7528 51.1883361204013
130.1054 46.3662464858708
128.7112 46.7371764577577
131.2725 45.2534565702099
132.5735 45.2534565702099
135.242 45.6243865420968
134.5938 45.9953165139838
129.8812 56.0104257549319
130.0006 56.0104257549319
134.3006 60.0906554456885
120.3523 44.8825265983229
122.1845 46.3662464858708
117.7941 47.8499663734186
117.8312 44.8825265983229
124.9913 50.0755462047404
124.3257 39.3185770200184
125.9628 42.2860167951141
125.1985 46.7371764577577
121.3869 43.769736682662
124.1063 47.4790364015317
122.7915 42.2860167951141
121.8965 42.6569467670011
123.6521 41.9150868232272
123.716 44.5115966264359
130.4631 41.9150868232272
127.7909 47.8499663734186
125.5849 48.9627562890795
122.3534 48.5918263171926
125.8601 53.7848459236101
129.2657 50.4464761766274
129.6587 55.268565811158
123.5096 52.6720560079492
128.7836 56.3813557268189
134.3033 57.4941456424798
134.6279 57.8650756143667
136.3809 60.0906554456885
136.4575 58.9778655300276
134.395 61.2034453613494
131.53 56.7522856987058
134.0249 59.7197254738016
134.6088 63.0580952207843
134.7367 62.6871652488973
134.8892 63.0580952207843
135.8213 62.3162352770103
128.0428 60.8325153894625
132.6848 60.4615854175755
132.6638 56.7522856987058
133.3115 61.5743753332364
134.8174 63.4290251926712
134.4188 63.7999551645582
132.6478 67.1383249115409
133.6463 66.02553499588
134.8512 70.8476246304105
132.6315 74.1859943773932
134.0202 84.2011036183413
150.0821 66.02553499588
145.4659 63.0580952207843
140.5458 52.6720560079492
142.3509 58.2360055862537
136.8369 48.2208963453056
142.0484 49.3336862609665
139.7617 55.6394957830449
139.036 58.6069355581407
137.956 54.526705867384
141.3043 64.9127450802191
137.7574 71.5894845741845
152.4809 68.2511148272018
152.58 67.5092548834278
148.9677 74.5569243492802
153.7203 74.9278543211672
153.3543 76.411574208715
151.8044 60.0906554456885
153.0157 56.7522856987058
151.5455 59.3487955019146
153.6853 56.0104257549319
100.0799 13.7244089598177
99.05493 15.5790588192526
96.15946 17.8046386505744
96.45179 18.5464985943483
103.7873 25.5941680602007
98.85587 18.1755686224613
100.3033 19.6592885100092
98.69968 18.1755686224613
95.4416 14.4662689035917
95.9886 13.3534789879308
97.0548 17.8046386505744
97.04242 18.9174285662353
101.7121 24.1104481726528
104.0747 28.5616078352964
102.014 27.4488179196355
104.3739 29.6743977509573
106.5864 32.2709075541661
123.7472 25.5941680602007
120.3487 25.9650980320876
127.3129 26.3360280039746
127.982 24.1104481726528
121.04 34.8674173573748
120.6806 33.383697469827
128.0939 30.0453277228443
124.037 27.4488179196355
131.0089 20.4011484537831
129.4405 29.3034677790703
132.553 27.8197478915225
118.9344 37.0929971886966
124.753 32.641837526053
123.0604 33.383697469827
123.4411 32.2709075541661
124.1253 31.8999775822791
125.0064 30.4162576947312
125.4985 30.4162576947312
120.2344 37.0929971886966
128.6025 38.9476470481315
122.2365 41.1732268794532
123.8813 41.1732268794532
126.0139 38.5767170762445
113.8453 37.0929971886966
114.7021 36.3511372449227
117.3433 35.9802072730357
134.3303 30.0453277228443
128.5207 38.2057871043575
130.9827 34.4964873854879
126.7159 30.4162576947312
129.3994 30.4162576947312
127.3426 29.6743977509573
129.846 33.383697469827
133.0482 27.4488179196355
132.6481 31.1581176385052
131.7261 34.4964873854879
128.5316 33.383697469827
116.2409 45.2534565702099
113.4569 43.398806710775
114.442 43.0278767388881
115.194 45.6243865420968
121.2606 44.140666654549
108.5921 38.9476470481315
105.9936 36.3511372449227
109.4011 38.2057871043575
107.8977 40.8022969075663
115.1755 39.3185770200184
108.446 38.2057871043575
109.91 37.0929971886966
115.7096 41.9150868232272
114.5647 42.2860167951141
110.1737 32.2709075541661
114.2162 36.7220672168097
114.5831 38.2057871043575
112.8817 31.5290476103921
112.9094 31.5290476103921
115.3286 39.3185770200184
116.0969 40.4313669356793
115.7713 48.2208963453056
117.9416 41.5441568513402
116.5405 41.5441568513402
117.0368 42.6569467670011
117.0885 42.6569467670011
118.2951 40.8022969075663
121.266 44.8825265983229
117.3603 50.0755462047404
125.5496 44.5115966264359
117.8369 15.9499887911395
114.8165 10.0151092409481
113.7486 10.3860392128351
114.104 10.756969184722
117.899 11.8697591003829
118.7914 11.127899156609
120.7562 14.4662689035917
129.7543 18.1755686224613
129.5463 20.0302184818962
134.4153 27.4488179196355
122.8883 14.8371988754786
121.3181 11.8697591003829
120.5627 13.7244089598177
118.5587 11.498829128496
117.1907 10.756969184722
118.8254 11.8697591003829
120.5723 11.498829128496
122.0273 14.4662689035917
123.1585 13.3534789879308
125.5846 15.2081288473656
127.9037 15.2081288473656
127.9664 14.8371988754786
123.7585 14.4662689035917
131.1313 18.9174285662353
137.8061 18.5464985943483
137.7901 15.9499887911395
136.3447 15.9499887911395
137.244 13.7244089598177
138.1012 14.8371988754786
139.5489 14.8371988754786
135.0164 19.6592885100092
135.6139 18.5464985943483
139.6515 13.3534789879308
132.5583 18.5464985943483
133.3834 19.2883585381222
137.713 17.4337086786874
133.0013 17.4337086786874
135.0998 16.6918487349135
99.81776 30.7871876666182
101.4453 31.5290476103921
102.483 32.2709075541661
102.2632 31.8999775822791
95.96222 35.6092773011488
97.03003 34.1255574136009
98.60093 34.1255574136009
93.77938 31.1581176385052
96.00291 32.2709075541661
97.37044 31.8999775822791
98.10328 33.7546274417139
98.19532 31.8999775822791
99.12899 33.7546274417139
99.77325 36.3511372449227
98.9689 33.383697469827
99.96534 32.641837526053
100.4529 32.641837526053
100.3813 32.2709075541661
92.62873 38.2057871043575
92.86402 34.8674173573748
97.48695 35.6092773011488
95.97183 41.5441568513402
97.24585 40.8022969075663
96.94109 35.2383473292618
95.17909 37.0929971886966
92.29431 42.6569467670011
90.58288 42.2860167951141
93.7004 41.1732268794532
93.7423 42.6569467670011
94.09141 42.2860167951141
99.36487 37.4639271605836
101.8403 31.8999775822791
103.8452 33.7546274417139
107.4949 34.8674173573748
109.3603 35.6092773011488
103.9825 34.4964873854879
104.731 34.1255574136009
104.3198 34.1255574136009
106.8514 34.4964873854879
109.1843 34.1255574136009
101.5232 35.6092773011488
104.5302 34.1255574136009
90.14548 32.2709075541661
97.60441 32.2709075541661
96.20073 31.8999775822791
96.92604 30.7871876666182
96.49938 32.641837526053
96.81617 33.383697469827
96.24645 28.9325378071834
99.86547 33.7546274417139
99.16881 33.383697469827
100.5093 34.8674173573748
99.97414 33.7546274417139
100.7999 34.1255574136009
99.95417 31.1581176385052
93.96088 30.4162576947312
94.03644 32.641837526053
95.47082 31.8999775822791
95.33317 29.6743977509573
97.45393 30.0453277228443
94.09438 32.641837526053
99.91724 29.3034677790703
101.1068 30.0453277228443
98.00503 32.2709075541661
100.2153 30.7871876666182
104.5639 35.9802072730357
103.3778 34.8674173573748
106.2886 34.8674173573748
105.8095 35.2383473292618
106.7959 35.9802072730357
108.0156 37.8348571324706
107.6164 36.7220672168097
102.5121 31.5290476103921
102.923 31.8999775822791
102.9034 31.1581176385052
104.1761 32.641837526053
107.4725 37.8348571324706
109.1418 39.3185770200184
110.5528 38.2057871043575
110.5755 36.7220672168097
147.6583 69.3639047428627
149.2171 65.283675052106
151.486 57.8650756143667
154.0304 69.3639047428627
153.2898 70.1057646866366
154.3063 65.283675052106
156.6662 71.2185546022975
156.3742 65.654605023993
156.2079 67.8801848553148
143.58 76.0406442368281
145.4787 74.9278543211672
146.2933 74.1859943773932
139.5808 92.7324929717416
141.9013 93.4743529155155
144.4876 85.3138935340022
148.1336 78.6371540400368
140.6749 62.3162352770103
141.1546 66.02553499588
147.9206 72.7022744898454
144.8794 82.7173837307935
149.126 75.6697142649411
148.8064 68.9929747709757
129.3722 65.654605023993
128.1527 67.1383249115409
126.1909 60.8325153894625
125.6691 61.9453053051234
136.7826 80.1208739275847
136.7884 78.2662240681499
136.6294 70.4766946585236
141.0877 67.5092548834278
142.015 76.411574208715
142.8005 75.6697142649411
142.0206 78.6371540400368
149.3739 68.2511148272018
149.5224 66.02553499588
148.8425 61.5743753332364
148.4601 74.1859943773932
157.7743 66.02553499588
157.1034 51.9301960641753
152.28 61.2034453613494
150.2278 74.1859943773932
153.7276 67.5092548834278
154.5004 66.3964649677669
160.0199 48.9627562890795
146.7416 77.153434152489
146.8841 76.411574208715
145.7337 65.654605023993
143.8655 76.782504180602
145.3859 74.1859943773932
146.1154 67.8801848553148
148.6924 69.3639047428627
147.5537 70.4766946585236
149.7051 67.1383249115409
152.6372 59.3487955019146
152.9008 66.3964649677669
157.0168 65.654605023993
156.4681 65.654605023993
161.1413 60.8325153894625
157.7509 70.8476246304105
159.6153 73.8150644055063
154.0672 82.7173837307935
155.4791 82.3464537589065
131.4286 58.9778655300276
136.9812 59.3487955019146
132.5264 49.7046162328535
132.3495 46.3662464858708
133.7168 46.3662464858708
133.594 43.769736682662
133.7149 60.4615854175755
133.729 51.9301960641753
132.8503 50.0755462047404
138.6919 58.6069355581407
140.1005 59.3487955019146
142.0313 52.6720560079492
144.742 48.9627562890795
139.9018 56.0104257549319
144.6814 58.6069355581407
146.6636 59.7197254738016
143.0002 41.1732268794532
144.3974 32.641837526053
143.7876 52.6720560079492
147.9483 50.4464761766274
139.9565 51.1883361204013
142.7294 54.897635839271
143.2101 51.1883361204013
137.4227 47.8499663734186
139.1836 51.1883361204013
140.9104 53.7848459236101
136.6476 42.6569467670011
138.3914 43.0278767388881
142.0834 42.6569467670011
143.8514 45.9953165139838
144.0318 43.769736682662
140.5674 45.9953165139838
142.8515 43.0278767388881
143.1786 43.0278767388881
134.8033 42.6569467670011
138.1203 41.1732268794532
137.5901 28.5616078352964
138.9508 35.2383473292618
157.6588 79.7499439556977
157.0008 79.7499439556977
157.6939 82.3464537589065
158.1813 75.6697142649411
160.8768 79.0080840119238
157.1099 77.8952940962629
159.3217 83.8301736464544
162.6307 74.1859943773932
162.2451 77.8952940962629
152.3876 79.3790139838108
148.2469 74.5569243492802
145.0187 73.0732044617323
146.698 72.7022744898454
147.3955 73.0732044617323
148.9237 69.7348347147496
149.1049 67.1383249115409
154.8761 76.411574208715
154.3286 76.0406442368281
154.4456 75.6697142649411
155.6019 78.2662240681499
156.5561 56.3813557268189
157.1966 55.6394957830449
163.283 59.7197254738016
159.3698 58.2360055862537
162.0029 58.6069355581407
164.7992 71.2185546022975
153.5681 58.9778655300276
153.2523 60.4615854175755
153.8674 61.9453053051234
155.3667 60.4615854175755
154.2448 59.7197254738016
154.1854 59.7197254738016
156.4945 64.9127450802191
156.8957 68.2511148272018
159.6648 70.1057646866366
160.387 70.8476246304105
159.7622 71.2185546022975
160.69 69.3639047428627
166.6149 72.3313445179584
168.4297 72.3313445179584
135.3083 19.6592885100092
129.9239 21.884868341331
125.4673 24.1104481726528
127.274 21.1430083975571
128.2307 17.8046386505744
131.9551 19.6592885100092
132.1056 20.0302184818962
134.2088 20.7720784256701
129.8976 18.9174285662353
131.1462 19.2883585381222
133.6919 17.8046386505744
131.8116 18.5464985943483
131.2746 18.5464985943483
137.2096 19.6592885100092
134.5794 19.2883585381222
136.2754 18.9174285662353
136.5222 18.5464985943483
136.8069 17.8046386505744
139.2462 19.6592885100092
140.3023 20.4011484537831
129.1396 28.1906778634094
133.3729 23.3685882288789
131.1117 24.1104481726528
133.445 22.6267282851049
134.4714 22.6267282851049
133.267 21.1430083975571
138.9476 24.4813781445398
138.5778 24.8523081164267
138.6399 24.4813781445398
139.981 23.7395182007658
137.346 22.6267282851049
139.0147 21.884868341331
168.4176 19.2883585381222
169.5496 20.4011484537831
169.6788 22.6267282851049
168.927 22.255798313218
168.3904 22.255798313218
170.0319 25.2232380883137
169.6902 23.7395182007658
169.5701 25.2232380883137
165.0365 24.1104481726528
166.9816 23.7395182007658
166.4308 22.9976582569919
167.7701 22.6267282851049
167.6464 23.3685882288789
167.6376 24.1104481726528
167.8623 22.255798313218
169.6248 21.884868341331
169.4559 40.0604369637923
169.5437 33.7546274417139
167.8302 40.0604369637923
168.7864 41.1732268794532
158.1375 31.1581176385052
158.9496 30.4162576947312
161.0624 30.4162576947312
163.8758 30.0453277228443
158.1283 35.2383473292618
158.4691 38.2057871043575
157.0504 36.3511372449227
160.2128 37.4639271605836
160.9307 37.8348571324706
161.4084 37.8348571324706
159.9391 36.7220672168097
160.4517 36.3511372449227
161.2362 36.7220672168097
160.3569 34.8674173573748
164.5544 29.3034677790703
167.3362 30.0453277228443
168.4321 31.5290476103921
166.6633 33.383697469827
166.6238 35.2383473292618
169.3359 39.3185770200184
169.8722 40.4313669356793
137.373 38.5767170762445
137.8446 37.0929971886966
137.2787 36.3511372449227
132.287 30.7871876666182
136.6299 28.1906778634094
134.2856 28.5616078352964
135.9953 26.3360280039746
139.7776 37.4639271605836
137.0443 34.8674173573748
138.7046 37.4639271605836
138.9168 34.4964873854879
139.4443 35.6092773011488
133.4776 38.9476470481315
130.914 32.2709075541661
132.4684 32.2709075541661
134.4295 35.6092773011488
135.0764 40.4313669356793
135.2427 37.4639271605836
143.2971 47.1081064296447
141.0304 42.6569467670011
139.5738 41.1732268794532
139.8211 41.1732268794532
142.0583 43.398806710775
143.4722 45.6243865420968
144.672 45.9953165139838
147.7409 46.3662464858708
132.3576 38.2057871043575
140.5063 46.7371764577577
145.3295 33.01276749794
146.9223 33.01276749794
146.5364 30.4162576947312
149.7597 24.4813781445398
148.956 33.01276749794
150.3518 32.2709075541661
151.6535 27.4488179196355
152.6102 30.7871876666182
141.2017 27.8197478915225
142.3346 29.6743977509573
142.6127 35.9802072730357
146.7252 42.2860167951141
143.9692 35.9802072730357
145.5566 38.2057871043575
144.9132 37.4639271605836
145.1975 37.0929971886966
150.1718 48.2208963453056
149.7686 45.6243865420968
152.0881 44.8825265983229
150.5588 41.9150868232272
151.1052 41.5441568513402
150.4845 40.0604369637923
150.641 38.9476470481315
151.8097 35.9802072730357
155.5641 27.0778879477485
153.9156 26.7069579758616
161.3308 26.7069579758616
161.3128 28.5616078352964
157.3743 36.7220672168097
158.7636 37.8348571324706
157.3357 37.0929971886966
164.3047 34.8674173573748
151.0319 27.8197478915225
150.5402 29.3034677790703
154.6126 30.4162576947312
154.5742 29.6743977509573
154.368 29.6743977509573
155.2486 31.1581176385052
158.5557 35.9802072730357
157.5001 35.6092773011488
159.1283 35.9802072730357
168.5597 46.7371764577577
158.5584 37.4639271605836
155.9779 38.2057871043575
157.221 38.5767170762445
158.211 35.9802072730357
159.7563 37.4639271605836
159.3679 36.7220672168097
159.7301 37.0929971886966
160.8971 38.9476470481315
162.8904 38.2057871043575
145.8394 26.7069579758616
151.0637 31.8999775822791
166.9006 42.6569467670011
161.9981 33.01276749794
164.5987 34.1255574136009
162.3271 34.8674173573748
167.8311 33.7546274417139
168.7698 41.5441568513402
168.7222 42.2860167951141
167.3793 32.641837526053
168.3962 38.2057871043575
162.4809 33.01276749794
164.0275 32.641837526053
163.371 32.641837526053
163.2531 32.641837526053
159.9482 34.4964873854879
160.5273 34.4964873854879
160.199 38.5767170762445
163.1185 37.0929971886966
160.8566 42.6569467670011
163.9114 37.4639271605836
169.0355 30.7871876666182
169.632 31.5290476103921
169.8225 31.8999775822791
163.1986 40.8022969075663
159.1789 47.4790364015317
163.1541 41.9150868232272
167.7074 37.4639271605836
166.7671 40.0604369637923
167.9361 37.0929971886966
167.6295 37.4639271605836
168.1357 39.6895069919054
168.5845 37.8348571324706
165.3528 40.4313669356793
165.9103 40.4313669356793
157.5783 51.5592660922883
158.2318 50.0755462047404
158.5738 49.7046162328535
162.161 45.9953165139838
169.2535 36.3511372449227
169.9092 32.641837526053
153.6397 42.2860167951141
153.2625 44.140666654549
153.7764 40.0604369637923
154.1299 39.6895069919054
156.405 41.1732268794532
158.8777 40.4313669356793
160.087 38.2057871043575
155.5594 39.6895069919054
154.942 47.4790364015317
154.2672 48.5918263171926
151.503 46.3662464858708
152.6505 45.9953165139838
153.2322 44.5115966264359
158.8922 41.5441568513402
161.781 40.0604369637923
151.2796 40.8022969075663
151.9862 40.4313669356793
156.3367 39.6895069919054
157.2552 40.4313669356793
157.0809 35.9802072730357
156.4548 34.8674173573748
156.8261 41.9150868232272
157.1541 38.2057871043575
159.2565 35.6092773011488
158.1633 33.7546274417139
157.3123 33.7546274417139
158.7048 31.5290476103921
158.5599 32.2709075541661
157.9739 39.6895069919054
161.7689 37.8348571324706
160.8972 35.6092773011488
163.6532 33.7546274417139
165.1516 33.383697469827
163.853 25.5941680602007
165.3526 23.7395182007658
163.6028 30.4162576947312
167.4858 28.5616078352964
169.8333 28.9325378071834
156.1708 38.2057871043575
163.6279 35.6092773011488
161.7716 37.0929971886966
163.2793 37.0929971886966
165.0793 36.3511372449227
165.5146 35.6092773011488
166.091 35.6092773011488
165.5829 34.8674173573748
165.9588 34.1255574136009
55.71045 41.1732268794532
55.46881 39.6895069919054
55.05645 41.5441568513402
58.2221 46.3662464858708
59.07058 43.0278767388881
54.60837 47.4790364015317
73.78608 18.1755686224613
74.95002 15.9499887911395
67.48476 30.4162576947312
68.64989 31.1581176385052
72.44578 24.1104481726528
72.80358 23.3685882288789
75.93046 17.0627787068004
49.92362 42.6569467670011
53.64024 46.7371764577577
54.99757 41.9150868232272
54.22074 39.3185770200184
55.03384 43.769736682662
53.3438 40.8022969075663
54.8714 38.5767170762445
55.19347 38.9476470481315
56.86476 35.9802072730357
58.40756 31.8999775822791
58.40939 34.8674173573748
57.12567 34.8674173573748
58.72923 33.383697469827
58.64367 35.2383473292618
62.37461 34.8674173573748
63.37117 34.1255574136009
66.78447 37.8348571324706
62.0421 42.2860167951141
60.90276 43.398806710775
62.85302 42.6569467670011
58.3664 45.6243865420968
62.14335 41.9150868232272
63.57435 39.6895069919054
66.8214 37.0929971886966
71.16107 35.6092773011488
74.07197 33.7546274417139
75.67286 33.01276749794
76.63146 33.01276749794
78.82939 25.5941680602007
78.78392 35.9802072730357
76.3633 37.4639271605836
78.01565 37.0929971886966
77.95154 36.3511372449227
79.05581 35.6092773011488
78.75204 37.4639271605836
78.24909 37.8348571324706
76.5432 35.2383473292618
74.54267 36.7220672168097
73.44797 37.8348571324706
72.47628 38.9476470481315
73.09919 37.8348571324706
77.34996 37.0929971886966
76.5617 38.9476470481315
76.36302 38.5767170762445
74.07052 40.0604369637923
77.45696 40.0604369637923
85.32671 31.8999775822791
85.86968 32.2709075541661
81.65039 35.9802072730357
89.97918 42.2860167951141
90.90518 43.0278767388881
91.99204 37.8348571324706
93.9337 40.8022969075663
72.15672 37.8348571324706
71.10345 37.0929971886966
75.25488 40.4313669356793
76.53675 41.1732268794532
80.72854 36.3511372449227
79.28348 40.4313669356793
81.62016 40.8022969075663
79.66444 40.4313669356793
82.35246 41.1732268794532
80.12022 40.0604369637923
79.28402 40.4313669356793
79.24639 40.8022969075663
85.14747 43.398806710775
86.35732 41.1732268794532
89.04862 45.6243865420968
87.77394 38.2057871043575
90.22804 37.8348571324706
89.22339 48.9627562890795
85.42699 45.2534565702099
86.61164 47.1081064296447
86.76931 44.8825265983229
89.19717 47.8499663734186
88.87567 48.2208963453056
80.25643 37.0929971886966
83.36374 43.398806710775
76.35065 26.3360280039746
81.52546 36.7220672168097
83.16582 24.1104481726528
85.21951 30.4162576947312
86.87261 30.0453277228443
84.05865 32.2709075541661
88.93143 35.6092773011488
89.1926 35.6092773011488
92.15075 31.5290476103921
94.05309 31.8999775822791
92.37147 36.3511372449227
94.6503 37.4639271605836
80.76893 40.0604369637923
81.7906 40.0604369637923
84.57906 37.4639271605836
89.33346 33.7546274417139
91.1355 33.01276749794
86.61684 33.7546274417139
86.27355 28.5616078352964
89.53428 25.9650980320876
89.62004 31.8999775822791
92.33313 31.8999775822791
93.683 26.3360280039746
95.87363 35.6092773011488
92.02213 24.4813781445398
94.63035 23.7395182007658
89.20535 25.2232380883137
87.73824 22.9976582569919
97.81524 20.0302184818962
99.51808 19.6592885100092
102.399 19.2883585381222
100.7507 18.9174285662353
104.1254 20.4011484537831
97.0884 22.9976582569919
100.3892 34.1255574136009
100.1941 38.9476470481315
99.84076 39.3185770200184
100.2936 39.3185770200184
101.24 38.2057871043575
103.0843 34.4964873854879
107.7072 40.4313669356793
111.4095 48.9627562890795
105.7614 49.7046162328535
108.0845 53.7848459236101
107.1554 52.6720560079492
111.1254 53.0429859798362
138.0891 25.5941680602007
135.8101 21.513938369444
135.2081 22.9976582569919
133.9834 20.0302184818962
132.3521 24.4813781445398
134.2096 30.0453277228443
135.5541 29.3034677790703
129.6883 24.4813781445398
133.9546 40.8022969075663
130.9433 34.4964873854879
130.1717 27.8197478915225
134.9337 42.2860167951141
136.5651 41.5441568513402
131.9518 34.1255574136009
128.5666 34.8674173573748
130.368 37.4639271605836
128.8106 38.5767170762445
130.746 36.3511372449227
132.8997 39.6895069919054
131.606 40.4313669356793
133.6441 43.769736682662
127.2799 43.769736682662
128.4793 43.769736682662
129.4211 38.2057871043575
127.6313 41.1732268794532
120.5509 39.3185770200184
121.7341 40.8022969075663
124.906 48.2208963453056
125.8558 47.8499663734186
128.9275 55.6394957830449
129.5045 56.7522856987058
129.7058 55.6394957830449
124.6747 46.7371764577577
123.6764 46.3662464858708
123.3265 44.8825265983229
123.4255 45.6243865420968
123.8217 45.2534565702099
124.9841 50.0755462047404
126.7545 53.0429859798362
128.117 56.7522856987058
126.4477 57.8650756143667
128.1967 44.8825265983229
128.608 44.140666654549
127.0126 48.9627562890795
128.2436 50.8174061485144
125.2964 41.9150868232272
125.3715 44.5115966264359
135.1158 65.654605023993
137.655 67.8801848553148
130.737 61.2034453613494
131.8489 63.4290251926712
132.4704 65.654605023993
130.6909 61.2034453613494
132.8704 67.1383249115409
140.4782 59.3487955019146
139.9833 60.8325153894625
133.6691 58.9778655300276
133.234 66.3964649677669
135.095 58.9778655300276
159.2226 25.2232380883137
155.7911 34.8674173573748
153.1047 34.8674173573748
153.487 37.0929971886966
151.9024 36.7220672168097
149.82 45.6243865420968
152.6569 42.2860167951141
152.2016 46.7371764577577
152.3958 49.3336862609665
152.4711 50.8174061485144
153.6469 41.5441568513402
155.8717 41.9150868232272
155.2631 30.7871876666182
148.5348 40.8022969075663
149.3706 36.3511372449227
150.0102 38.5767170762445
153.6157 32.2709075541661
153.8096 34.1255574136009
155.4423 31.5290476103921
148.2289 47.8499663734186
149.8393 46.3662464858708
147.2775 63.4290251926712
141.6005 63.7999551645582
141.5481 67.8801848553148
143.9033 66.3964649677669
148.5014 62.3162352770103
158.2611 40.0604369637923
158.452 40.0604369637923
158.2718 40.8022969075663
155.1334 48.9627562890795
155.8425 47.4790364015317
159.8834 39.3185770200184
155.9274 48.9627562890795
154.8171 55.268565811158
155.5931 50.8174061485144
144.4752 77.153434152489
143.3798 76.411574208715
144.0956 73.8150644055063
148.406 73.8150644055063
146.3816 73.8150644055063
145.9886 62.6871652488973
155.5572 54.897635839271
156.35 51.1883361204013
156.5009 46.7371764577577
161.7009 34.1255574136009
160.3855 39.3185770200184
160.777 37.0929971886966
164.8599 26.3360280039746
165.3407 27.4488179196355
165.8598 23.7395182007658
160.8415 30.0453277228443
161.0946 30.4162576947312
163.011 27.8197478915225
145.6369 66.3964649677669
145.9835 65.654605023993
147.6612 64.1708851364452
150.296 57.8650756143667
151.3562 56.7522856987058
151.2947 46.3662464858708
151.3647 47.8499663734186
149.8798 47.4790364015317
151.9711 45.2534565702099
157.1028 41.5441568513402
155.0932 47.8499663734186
155.2414 47.8499663734186
157.1153 45.6243865420968
159.9639 39.3185770200184
161.9128 37.4639271605836
165.5567 29.6743977509573
152.0093 38.9476470481315
152.7222 38.9476470481315
152.4591 37.4639271605836
151.7771 35.6092773011488
150.6876 43.769736682662
151.1909 34.8674173573748
153.0973 32.2709075541661
163.464 29.6743977509573
165.4327 28.5616078352964
164.3371 28.5616078352964
162.6829 27.8197478915225
166.6905 20.4011484537831
166.5744 20.4011484537831
161.6304 23.7395182007658
160.0748 23.7395182007658
166.0491 19.6592885100092
164.5858 18.1755686224613
166.7084 22.255798313218
121.7632 53.4139159517231
121.096 52.3011260360622
124.2639 55.268565811158
124.7993 55.268565811158
130.6231 61.2034453613494
127.9417 63.0580952207843
136.0758 66.7673949396539
124.7332 57.8650756143667
119.8168 43.0278767388881
121.3058 47.1081064296447
119.3175 39.3185770200184
124.993 55.268565811158
126.4781 58.9778655300276
126.3635 60.8325153894625
126.0876 58.2360055862537
127.1191 61.2034453613494
132.1543 67.1383249115409
130.6835 63.7999551645582
132.2856 66.7673949396539
126.0636 53.0429859798362
129.2697 58.2360055862537
133.2057 71.5894845741845
134.4255 64.9127450802191
136.4084 65.283675052106
135.923 68.9929747709757
126.3569 60.8325153894625
120.5043 53.7848459236101
124.6315 60.4615854175755
123.0689 59.7197254738016
123.0628 57.8650756143667
122.6011 56.3813557268189
135.6258 73.0732044617323
135.0664 68.6220447990887
137.7052 74.1859943773932
130.8463 67.1383249115409
134.2685 67.8801848553148
136.9912 65.654605023993
138.0742 61.5743753332364
138.156 60.8325153894625
135.653 58.2360055862537
148.781 59.3487955019146
150.8323 60.4615854175755
147.4894 58.2360055862537
149.9581 54.897635839271
149.2387 52.6720560079492
144.6529 68.2511148272018
136.3173 65.654605023993
142.2704 60.0906554456885
141.1569 58.6069355581407
141.4886 61.9453053051234
138.2524 60.4615854175755
141.1129 59.7197254738016
143.4468 56.7522856987058
142.6479 56.3813557268189
136.1157 57.4941456424798
137.9 58.2360055862537
141.3223 58.6069355581407
140.0785 59.7197254738016
143.168 58.2360055862537
144.1259 58.2360055862537
145.1543 55.268565811158
143.3804 54.1557758954971
144.0139 56.3813557268189
146.2431 48.9627562890795
151.8918 43.769736682662
151.7154 41.9150868232272
147.5511 51.1883361204013
153.6631 43.398806710775
149.9836 43.769736682662
107.1984 30.7871876666182
108.0448 29.6743977509573
110.4209 31.1581176385052
112.1285 32.641837526053
106.7805 28.1906778634094
110.6643 30.7871876666182
106.2274 31.5290476103921
103.3045 37.8348571324706
103.6131 36.7220672168097
103.5338 37.8348571324706
103.0237 38.2057871043575
109.5735 40.0604369637923
110.1655 38.2057871043575
109.2456 39.6895069919054
107.7317 40.8022969075663
110.4914 40.4313669356793
111.9686 41.1732268794532
111.4936 35.9802072730357
112.1558 34.4964873854879
106.6562 37.4639271605836
108.485 39.3185770200184
112.3741 40.4313669356793
116.6132 37.0929971886966
113.9425 35.6092773011488
114.231 34.8674173573748
120.136 40.4313669356793
115.77 42.6569467670011
123.5257 45.2534565702099
123.5085 45.6243865420968
122.6688 47.1081064296447
112.8237 41.1732268794532
113.6444 42.2860167951141
116.6715 39.6895069919054
117.017 40.4313669356793
118.1263 40.8022969075663
118.2546 41.1732268794532
118.0843 43.0278767388881
116.6969 41.5441568513402
130.5514 25.9650980320876
130.8353 25.5941680602007
133.2311 25.5941680602007
120.0971 36.7220672168097
116.0519 39.6895069919054
118.2421 42.6569467670011
119.8399 44.5115966264359
122.1802 39.6895069919054
121.0151 44.5115966264359
126.3724 44.5115966264359
124.243 43.769736682662
125.2589 44.5115966264359
121.0928 43.0278767388881
124.6831 44.5115966264359
122.8929 44.5115966264359
123.2167 46.7371764577577
127.204 48.5918263171926
130.1669 47.1081064296447
130.4227 47.4790364015317
123.466 40.4313669356793
119.0446 41.5441568513402
119.7731 54.526705867384
119.6431 54.526705867384
120.2083 60.0906554456885
122.1689 60.0906554456885
121.049 58.2360055862537
122.7288 57.8650756143667
122.4897 47.1081064296447
123.6318 48.5918263171926
123.9572 50.4464761766274
127.4423 43.398806710775
131.6767 45.6243865420968
125.9013 38.2057871043575
126.1776 38.5767170762445
125.8742 38.9476470481315
124.4485 40.8022969075663
121.565 38.9476470481315
120.8725 37.0929971886966
121.3965 37.0929971886966
121.2675 36.7220672168097
122.074 37.0929971886966
122.0062 35.9802072730357
124.8121 38.2057871043575
120.9596 39.6895069919054
123.0537 42.6569467670011
122.6742 42.2860167951141
126.009 44.8825265983229
125.6111 36.7220672168097
125.6959 36.3511372449227
129.2224 36.3511372449227
130.1545 35.6092773011488
130.5016 36.7220672168097
131.0369 36.7220672168097
131.0156 36.7220672168097
130.3479 41.1732268794532
132.6868 37.8348571324706
136.5141 32.2709075541661
132.0191 36.3511372449227
132.8179 37.4639271605836
132.0499 33.383697469827
131.5062 35.6092773011488
132.4211 34.8674173573748
132.8372 32.2709075541661
136.9384 32.641837526053
135.2262 33.383697469827
151.1654 40.8022969075663
151.3432 47.8499663734186
158.3533 31.8999775822791
145.932 47.4790364015317
148.7163 42.2860167951141
146.8015 42.6569467670011
146.6595 40.8022969075663
148.5777 43.769736682662
148.5928 43.0278767388881
144.3152 37.4639271605836
144.4241 38.5767170762445
144.5262 35.6092773011488
150.9697 39.3185770200184
149.6938 41.9150868232272
153.9803 40.4313669356793
157.2981 30.0453277228443
159.2595 25.9650980320876
159.7277 24.1104481726528
140.8973 54.1557758954971
134.6414 56.0104257549319
134.8919 47.1081064296447
133.0655 47.8499663734186
136.9085 47.1081064296447
138.3263 44.8825265983229
128.2714 48.5918263171926
126.5695 47.1081064296447
127.3392 47.4790364015317
122.4571 40.8022969075663
123.2348 42.2860167951141
130.0447 48.2208963453056
130.1588 46.7371764577577
128.9691 44.8825265983229
135.818 50.8174061485144
134.82 50.4464761766274
135.9379 50.4464761766274
136.3521 51.5592660922883
136.9348 51.1883361204013
130.6786 55.268565811158
139.3402 51.9301960641753
128.9654 43.769736682662
130.2534 43.0278767388881
128.5174 36.7220672168097
134.0802 40.4313669356793
133.0411 40.8022969075663
132.2079 41.1732268794532
145.8933 61.2034453613494
143.7965 64.5418151083321
143.7413 59.3487955019146
142.5367 53.7848459236101
152.4082 57.1232156705928
149.5634 60.0906554456885
158.8598 45.2534565702099
106.1547 50.4464761766274
107.8705 54.526705867384
107.7126 53.4139159517231
105.6847 50.0755462047404
106.5423 51.1883361204013
106.9074 50.0755462047404
108.5909 52.6720560079492
109.0394 54.897635839271
109.1845 52.6720560079492
107.9329 54.897635839271
108.5575 53.7848459236101
111.6312 57.1232156705928
110.9973 58.6069355581407
111.1654 59.7197254738016
112.7074 62.3162352770103
114.2342 66.3964649677669
101.4356 45.6243865420968
96.35986 42.2860167951141
98.47115 42.2860167951141
97.65321 41.5441568513402
102.7547 48.9627562890795
100.2581 44.5115966264359
102.8448 47.1081064296447
106.6417 47.1081064296447
105.6384 47.4790364015317
109.5768 50.4464761766274
105.1695 45.6243865420968
108.4357 50.8174061485144
112.4591 54.897635839271
116.7225 58.2360055862537
117.023 58.6069355581407
107.607 50.8174061485144
103.8973 45.9953165139838
105.528 46.7371764577577
106.7232 44.8825265983229
108.7757 49.7046162328535
110.5301 54.526705867384
115.9667 53.0429859798362
118.8317 41.5441568513402
118.2328 46.7371764577577
113.5649 52.6720560079492
116.0281 61.9453053051234
111.427 43.0278767388881
112.4619 44.140666654549
112.9552 46.3662464858708
113.8489 43.0278767388881
114.4363 52.6720560079492
119.8701 58.6069355581407
117.1282 59.3487955019146
120.0969 56.3813557268189
122.9192 64.9127450802191
122.6672 62.3162352770103
127.1036 63.7999551645582
130.9083 50.8174061485144
125.2702 62.6871652488973
126.561 60.0906554456885
124.0167 62.3162352770103
129.3518 54.1557758954971
129.4463 50.0755462047404
126.711 57.1232156705928
125.6092 58.6069355581407
130.3863 56.3813557268189
131.302 53.7848459236101
132.0055 54.526705867384
133.3422 51.5592660922883
134.222 45.6243865420968
129.8295 48.5918263171926
132.9199 50.4464761766274
134.6953 42.2860167951141
134.2558 45.6243865420968
135.4302 41.5441568513402
135.5325 39.6895069919054
135.8139 40.8022969075663
138.2014 38.5767170762445
136.781 43.769736682662
135.606 46.7371764577577
140.9345 49.3336862609665
141.8806 47.4790364015317
138.8998 47.8499663734186
134.7106 60.8325153894625
136.635 56.7522856987058
137.0716 58.6069355581407
140.579 53.0429859798362
137.3719 57.4941456424798
142.6536 52.3011260360622
143.435 49.3336862609665
141.2622 54.526705867384
141.6711 57.8650756143667
142.5169 59.7197254738016
142.768 58.9778655300276
134.7775 48.2208963453056
136.2888 61.9453053051234
133.25 65.283675052106
132.3407 61.5743753332364
132.6059 61.9453053051234
130.078 64.9127450802191
130.9995 67.5092548834278
133.1952 65.654605023993
133.5349 66.02553499588
134.6617 54.897635839271
137.4197 49.7046162328535
139.8122 53.0429859798362
139.6753 55.268565811158
139.9235 57.4941456424798
143.4872 54.526705867384
142.6719 44.8825265983229
144.2895 42.6569467670011
140.7771 52.6720560079492
140.2273 50.0755462047404
140.7959 50.4464761766274
141.6782 53.4139159517231
142.4793 64.5418151083321
143.8646 66.02553499588
144.3348 66.02553499588
144.0908 63.4290251926712
138.3992 68.2511148272018
139.0664 68.9929747709757
141.9071 68.2511148272018
141.7595 68.2511148272018
142.2482 66.3964649677669
133.6238 31.1581176385052
129.5762 33.01276749794
130.2671 28.9325378071834
132.2853 24.4813781445398
137.0878 33.383697469827
127.5374 31.5290476103921
129.3842 33.383697469827
129.6249 34.1255574136009
129.5964 33.383697469827
126.1198 28.1906778634094
128.3358 30.4162576947312
127.979 32.641837526053
127.5778 30.4162576947312
127.9672 30.7871876666182
129.9372 34.8674173573748
134.7499 41.5441568513402
138.2113 46.3662464858708
133.509 36.3511372449227
136.8619 38.9476470481315
139.2938 43.0278767388881
139.5227 46.3662464858708
138.7793 37.8348571324706
134.7908 25.9650980320876
136.8483 29.3034677790703
137.8813 29.6743977509573
136.3802 21.884868341331
138.7366 38.5767170762445
139.8811 40.8022969075663
138.8742 35.6092773011488
139.964 40.4313669356793
142.2761 40.0604369637923
142.8218 42.6569467670011
144.093 36.3511372449227
146.4478 36.7220672168097
144.0869 43.398806710775
138.6668 42.6569467670011
141.0576 44.5115966264359
150.803 32.641837526053
158.0607 35.6092773011488
154.862 37.8348571324706
158.7153 33.01276749794
155.1517 36.3511372449227
151.5698 38.5767170762445
152.5006 41.1732268794532
156.991 34.1255574136009
156.8972 37.0929971886966
158.3774 32.2709075541661
159.5213 30.4162576947312
161.1198 22.255798313218
162.0928 20.7720784256701
163.1969 22.255798313218
162.6352 28.5616078352964
163.5727 25.2232380883137
163.6358 22.9976582569919
165.348 21.884868341331
167.1723 19.6592885100092
167.5414 20.7720784256701
169.3582 43.769736682662
168.8003 47.8499663734186
169.9574 48.2208963453056
166.9615 51.9301960641753
155.9204 38.5767170762445
160.3305 41.5441568513402
160.212 43.398806710775
166.223 37.4639271605836
164.9526 37.4639271605836
166.9047 37.4639271605836
158.7292 15.2081288473656
159.3167 17.0627787068004
157.8647 19.2883585381222
157.6986 19.2883585381222
155.5643 16.3209187630265
162.8547 19.6592885100092
160.5302 46.3662464858708
162.3866 46.3662464858708
163.429 37.0929971886966
164.2067 42.2860167951141
163.6132 38.5767170762445
166.0076 41.1732268794532
166.6896 44.140666654549
166.7309 52.6720560079492
161.7664 22.6267282851049
163.7338 21.884868341331
163.1802 26.3360280039746
161.9017 34.8674173573748
162.2865 20.7720784256701
163.1275 19.6592885100092
161.5461 22.9976582569919
166.6265 22.255798313218
141.092 36.7220672168097
140.553 38.2057871043575
140.9763 38.5767170762445
142.8452 38.2057871043575
146.2795 33.7546274417139
146.2924 33.01276749794
148.99 28.9325378071834
149.2056 28.1906778634094
148.9842 28.9325378071834
149.8502 26.7069579758616
149.54 27.0778879477485
147.2397 30.0453277228443
148.5316 27.8197478915225
145.8095 33.7546274417139
144.67 36.7220672168097
144.2468 41.5441568513402
146.3286 43.398806710775
147.603 39.3185770200184
147.4265 39.3185770200184
157.0179 14.8371988754786
155.1639 18.9174285662353
153.0387 21.1430083975571
153.8674 20.7720784256701
156.2436 22.255798313218
161.0395 15.5790588192526
121.9664 62.6871652488973
132.0191 55.268565811158
136.2679 45.9953165139838
146.6933 39.6895069919054
145.8872 48.9627562890795
145.1449 55.268565811158
148.7069 47.4790364015317
148.1823 47.8499663734186
149.576 51.1883361204013
153.945 56.0104257549319
142.6606 50.8174061485144
143.5042 54.526705867384
144.995 51.5592660922883
150.5652 61.5743753332364
152.4826 59.7197254738016
153.5028 62.3162352770103
151.8692 68.2511148272018
153.0853 71.2185546022975
138.4073 24.8523081164267
142.1743 29.6743977509573
143.6844 29.6743977509573
143.2487 28.9325378071834
142.1965 31.5290476103921
145.2062 34.1255574136009
145.2753 33.383697469827
145.9563 32.641837526053
141.2025 22.9976582569919
143.1747 21.884868341331
140.0088 21.1430083975571
142.105 18.9174285662353
143.5042 20.4011484537831
146.9133 22.9976582569919
152.8923 21.513938369444
150.8972 25.5941680602007
152.4397 20.7720784256701
151.6707 26.7069579758616
150.8046 26.7069579758616
158.9938 11.127899156609
157.3087 10.3860392128351
159.1894 16.3209187630265
154.5189 14.4662689035917
159.7022 18.9174285662353
159.7743 17.8046386505744
159.983 18.5464985943483
161.3845 11.127899156609
162.1252 12.6116190441568
161.5559 9.27324929717416
161.4726 16.6918487349135
158.563 18.9174285662353
158.2005 18.1755686224613
159.9932 17.0627787068004
161.3438 16.6918487349135
162.1471 17.4337086786874
162.176 17.4337086786874
162.6224 16.3209187630265
167.1392 30.7871876666182
165.1392 25.2232380883137
165.9196 26.3360280039746
155.7119 65.283675052106
156.08 78.6371540400368
156.805 81.2336638432456
159.0819 77.5243641243759
159.5536 77.8952940962629
159.4823 77.8952940962629
161.0784 66.02553499588
159.1207 64.5418151083321
159.7395 86.4266834496631
160.6502 81.6045938151326
160.6033 85.6848235058892
160.9385 89.3941232247589
156.0383 81.9755237870195
161.3982 94.2162128592894
161.3925 87.1685433934371
162.6023 88.281333309098
163.4913 90.1359831685328
159.6682 85.3138935340022
158.5477 78.6371540400368
162.5907 80.4918038994717
161.115 74.1859943773932
162.0772 78.6371540400368
165.9166 80.1208739275847
164.9603 78.6371540400368
162.6242 77.153434152489
164.9974 68.2511148272018
168.3684 62.3162352770103
168.1816 70.8476246304105
169.6168 63.4290251926712
168.8238 72.7022744898454
165.6216 94.5871428311764
163.326 83.8301736464544
154.6659 77.8952940962629
154.5997 79.0080840119238
151.6873 65.654605023993
152.2171 67.1383249115409
154.9604 64.1708851364452
157.2863 71.9604145460714
158.2868 74.9278543211672
159.3439 79.3790139838108
160.4504 80.1208739275847
147.1986 51.1883361204013
150.2075 53.4139159517231
144.479 46.7371764577577
148.0641 50.4464761766274
147.1783 51.1883361204013
152.4483 63.7999551645582
149.2519 59.3487955019146
152.4139 57.8650756143667
153.8282 54.897635839271
153.2531 45.6243865420968
153.8508 46.3662464858708
153.1461 52.3011260360622
152.8384 51.5592660922883
155.2439 51.5592660922883
156.7368 57.1232156705928
156.9657 61.5743753332364
151.4429 55.6394957830449
151.9204 53.7848459236101
154.4802 55.6394957830449
156.6273 73.8150644055063
158.3721 75.6697142649411
156.7471 66.3964649677669
158.6888 68.9929747709757
160.9736 77.153434152489
162.4188 78.6371540400368
162.495 80.8627338713586
162.9719 81.2336638432456
163.659 81.9755237870195
169.7619 81.2336638432456
162.6678 40.0604369637923
167.738 47.8499663734186
158.7915 38.5767170762445
161.4549 40.4313669356793
162.6292 44.140666654549
164.3009 58.6069355581407
165.9246 58.2360055862537
165.335 86.0557534777762
167.9759 77.5243641243759
169.825 76.411574208715
164.9387 80.1208739275847
168.461 81.9755237870195
170.0167 83.0883137026804
169.6155 74.9278543211672
163.9502 46.7371764577577
163.7 51.9301960641753
163.1779 53.0429859798362
157.2394 58.9778655300276
162.7437 52.3011260360622
165.6171 51.1883361204013
168.0513 50.0755462047404
169.5892 31.8999775822791
