143.0179 0.888662025032158
152.1408 0.659329889539988
151.0496 0.659329889539988
154.1277 0.687996406476509
156.8957 0.802662474222594
145.8452 0.9459950589052
117.3884 1.08932764358781
166.0302 0.573330338730424
167.0766 0.659329889539988
139.6038 0.917328541968679
151.8387 0.601996855666946
145.3855 0.45866427098434
163.1692 0.745329440349552
163.3319 0.745329440349552
143.3034 0.401331237111297
130.7776 1.31865977907998
139.4497 0.630663372603467
164.1845 0.687996406476509
117.2937 0.859995508095637
133.4752 0.601996855666946
153.2715 0.515997304857382
147.7192 0.687996406476509
134.9034 0.659329889539988
113.0554 0.659329889539988
131.5857 0.659329889539988
125.1928 1.31865977907998
153.0115 0.659329889539988
143.3845 0.544663821793903
149.7931 0.401331237111297
160.2151 0.601996855666946
153.6268 0.372664720174776
121.0232 0.888662025032158
157.492 0.745329440349552
147.0414 0.831328991159116
156.1549 0.515997304857382
148.6428 0.917328541968679
156.2014 0.544663821793903
168.29 0.573330338730424
125.6977 1.14666067746085
143.5802 0.372664720174776
151.8327 0.802662474222594
147.7168 0.745329440349552
103.3606 1.14666067746085
98.92211 1.11799416052433
106.4911 1.11799416052433
108.3015 1.20399371133389
124.8198 0.974661575841722
123.5877 0.859995508095637
93.56918 0.687996406476509
104.2368 0.716662923413031
92.97873 0.773995957286073
93.8919 0.687996406476509
94.55718 0.687996406476509
104.4403 1.26132674520693
103.9334 1.03199460971476
68.11669 0.114666067746085
104.6565 1.06066112665129
112.4019 1.00332809277824
95.61949 1.00332809277824
133.274 0.831328991159116
110.8259 0.745329440349552
93.06171 0.745329440349552
126.5728 0.9459950589052
125.0258 0.630663372603467
103.21 0.859995508095637
122.625 0.917328541968679
135.2956 0.831328991159116
113.4949 1.03199460971476
102.3743 0.687996406476509
105.3897 0.831328991159116
91.40578 0.745329440349552
120.8415 1.31865977907998
113.181 1.26132674520693
98.56609 0.831328991159116
120.5162 0.573330338730424
130.3669 0.831328991159116
103.8708 0.601996855666946
93.10375 0.773995957286073
127.089 0.773995957286073
94.51211 1.08932764358781
101.5173 0.974661575841722
132.5254 0.917328541968679
121.501 0.515997304857382
128.3582 0.831328991159116
123.1754 0.9459950589052
109.1849 0.716662923413031
126.3854 0.9459950589052
77.67269 0.343998203238255
113.2237 0.859995508095637
91.28871 0.544663821793903
92.47642 0.343998203238255
88.08021 0.773995957286073
92.42617 0.745329440349552
124.9133 1.00332809277824
92.11263 0.859995508095637
127.2233 0.544663821793903
79.76882 0.601996855666946
88.89653 0.773995957286073
103.9981 0.773995957286073
105.2459 0.831328991159116
96.10247 0.687996406476509
100.7532 0.630663372603467
117.1453 0.9459950589052
95.76038 0.716662923413031
107.7712 0.257998652428691
95.49772 0.630663372603467
133.7351 0.630663372603467
100.1421 0.859995508095637
109.1045 0.487330787920861
107.8464 0.773995957286073
105.417 0.45866427098434
101.3026 0.888662025032158
98.33905 1.03199460971476
93.32597 0.630663372603467
105.145 0.831328991159116
83.85594 0.601996855666946
128.4924 0.831328991159116
102.9057 1.00332809277824
106.827 1.26132674520693
168.029 1.51932539763562
168.0907 1.54799191457215
127.8115 0.401331237111297
138.6576 0.573330338730424
138.1131 0.544663821793903
149.0283 0.487330787920861
159.6028 0.601996855666946
132.1887 0.22933213549217
111.4595 0.401331237111297
164.4478 0.802662474222594
137.452 0.630663372603467
133.8181 0.745329440349552
130.3856 0.200665618555649
125.6627 0.401331237111297
159.5778 0.573330338730424
138.4689 0.630663372603467
157.9162 0.343998203238255
122.6765 0.372664720174776
126.1834 0.286665169365212
164.1368 0.687996406476509
158.0579 0.573330338730424
147.8236 0.487330787920861
130.067 0.745329440349552
153.6911 0.745329440349552
141.5254 0.601996855666946
161.8353 0.429997754047818
169.6443 0.286665169365212
136.93 0.859995508095637
159.5864 0.716662923413031
135.774 0.859995508095637
152.1004 0.917328541968679
128.6731 0.888662025032158
154.044 0.917328541968679
160.1652 0.659329889539988
161.529 1.20399371133389
147.8929 1.20399371133389
146.3199 1.20399371133389
169.0704 0.745329440349552
162.2294 0.429997754047818
163.9082 0.659329889539988
151.3156 1.06066112665129
167.142 0.687996406476509
152.372 0.917328541968679
150.4202 0.802662474222594
143.0843 1.28999326214346
165.6797 0.630663372603467
161.5217 0.888662025032158
167.2003 0.630663372603467
164.9668 0.630663372603467
165.1093 0.372664720174776
153.4092 0.831328991159116
152.7189 0.601996855666946
156.2218 0.659329889539988
164.4768 0.429997754047818
169.1981 0.487330787920861
163.4527 0.659329889539988
105.466 0.716662923413031
145.9451 1.57665843150867
165.5764 1.66265798231823
151.9846 1.60532494844519
139.2865 1.54799191457215
138.0327 1.57665843150867
167.6992 1.57665843150867
130.1919 1.60532494844519
155.7614 1.60532494844519
169.8605 1.54799191457215
123.5758 1.51932539763562
140.495 1.63399146538171
156.6096 1.80599056700084
151.9399 1.74865753312779
146.238 1.60532494844519
150.267 1.57665843150867
146.7451 1.57665843150867
150.8989 1.63399146538171
163.1669 1.80599056700084
167.9299 1.77732405006432
166.3472 1.86332360087388
169.9455 1.54799191457215
163.5829 1.80599056700084
151.2214 1.66265798231823
168.9925 1.74865753312779
167.5536 1.77732405006432
162.0577 1.66265798231823
168.4713 1.46199236376258
165.8538 1.71999101619127
166.1053 1.80599056700084
164.398 1.54799191457215
163.8474 0.630663372603467
141.9165 0.315331686301733
129.8439 1.60532494844519
169.6811 0.544663821793903
151.5571 0.917328541968679
150.8488 0.687996406476509
142.9509 1.20399371133389
150.0381 1.51932539763562
127.6445 0.802662474222594
151.6226 0.372664720174776
152.7579 1.66265798231823
131.4691 1.57665843150867
157.8735 0.802662474222594
125.5782 1.23266022827041
127.9366 1.06066112665129
160.6019 1.03199460971476
139.6214 1.46199236376258
118.1942 0.573330338730424
126.9121 1.06066112665129
141.5395 1.31865977907998
149.1903 0.745329440349552
163.5119 1.11799416052433
141.357 1.31865977907998
116.4378 1.23266022827041
119.7922 1.26132674520693
165.8093 0.974661575841722
121.8294 0.515997304857382
143.4233 1.23266022827041
151.4253 0.974661575841722
153.4769 1.37599281295302
124.2922 0.659329889539988
150.2884 1.26132674520693
114.8801 1.28999326214346
166.9119 0.802662474222594
164.0223 1.17532719439737
127.8931 1.03199460971476
104.8883 1.43332584682606
107.167 1.28999326214346
158.7445 0.487330787920861
150.8903 0.343998203238255
122.996 0.745329440349552
143.7735 0.888662025032158
124.3316 0.831328991159116
165.4751 0.716662923413031
129.2182 0.974661575841722
163.1447 1.46199236376258
145.2098 0.544663821793903
152.251 0.716662923413031
122.5726 0.487330787920861
168.9042 0.9459950589052
139.5734 0.687996406476509
130.5855 0.745329440349552
169.7098 0.372664720174776
146.6768 0.917328541968679
113.2172 1.20399371133389
155.4404 0.687996406476509
134.4905 1.26132674520693
164.9116 0.687996406476509
109.5774 1.31865977907998
166.6483 0.888662025032158
131.6663 1.71999101619127
151.4609 0.515997304857382
161.3018 1.11799416052433
147.1545 0.544663821793903
144.205 1.46199236376258
141.8068 0.601996855666946
156.0055 1.51932539763562
149.3039 0.630663372603467
122.0948 0.429997754047818
136.7503 1.37599281295302
153.2372 1.57665843150867
147.0737 0.544663821793903
149.842 1.43332584682606
130.6026 0.372664720174776
138.2508 0.974661575841722
121.3411 1.37599281295302
107.9162 1.06066112665129
108.3724 1.28999326214346
107.9171 1.00332809277824
154.4054 0.716662923413031
139.2677 0.573330338730424
149.4037 1.74865753312779
140.9743 0.659329889539988
142.9392 0.687996406476509
138.4954 0.544663821793903
149.502 0.372664720174776
162.4821 0.315331686301733
169.0818 0.343998203238255
152.3876 0.401331237111297
138.8718 0.401331237111297
153.112 0.716662923413031
166.9003 0.22933213549217
161.9382 0.315331686301733
146.0949 0.573330338730424
169.2187 0.315331686301733
168.6645 1.06066112665129
157.6852 0.659329889539988
169.9627 1.00332809277824
154.4973 0.315331686301733
169.5057 0.573330338730424
158.7801 0.687996406476509
162.5872 1.57665843150867
167.8572 1.43332584682606
165.7273 1.54799191457215
159.8266 1.66265798231823
165.8642 1.51932539763562
153.8301 1.60532494844519
162.036 1.43332584682606
160.4196 0.773995957286073
155.0189 0.831328991159116
169.1876 1.00332809277824
152.61 0.745329440349552
153.0568 0.773995957286073
141.2711 0.573330338730424
164.8523 1.11799416052433
169.5698 0.974661575841722
167.0609 1.28999326214346
169.8043 1.28999326214346
167.0357 1.3473262960165
159.7503 1.69132449925475
166.9914 1.28999326214346
108.155 0.286665169365212
135.4214 0.630663372603467
143.2358 0.659329889539988
167.519 1.40465932988954
163.9757 1.46199236376258
159.7892 1.43332584682606
160.8103 1.37599281295302
164.865 1.08932764358781
163.6434 0.917328541968679
168.943 1.08932764358781
163.336 0.745329440349552
164.6751 1.08932764358781
149.1706 0.9459950589052
163.5197 0.601996855666946
144.317 0.773995957286073
152.3467 1.46199236376258
159.8753 1.66265798231823
160.6252 0.831328991159116
165.2847 1.17532719439737
143.3183 0.659329889539988
161.2308 0.859995508095637
168.1264 1.40465932988954
163.4776 1.51932539763562
146.044 1.00332809277824
160.8343 1.00332809277824
163.4081 1.54799191457215
139.6402 1.03199460971476
124.439 0.286665169365212
149.5336 1.31865977907998
164.5791 1.11799416052433
161.8296 1.03199460971476
145.5788 1.3473262960165
166.0784 1.37599281295302
169.9262 0.9459950589052
126.3547 0.372664720174776
165.8172 1.06066112665129
161.0712 1.06066112665129
168.9674 1.11799416052433
166.2433 0.831328991159116
168.7171 1.26132674520693
155.9657 0.888662025032158
149.2441 0.888662025032158
168.1613 0.888662025032158
163.2225 0.974661575841722
155.4727 0.9459950589052
156.9431 0.859995508095637
158.9355 0.888662025032158
160.64 0.802662474222594
158.6659 0.716662923413031
159.1999 0.687996406476509
155.6782 0.630663372603467
155.6629 0.687996406476509
154.1785 0.974661575841722
150.7201 0.659329889539988
164.0946 0.9459950589052
145.4444 0.745329440349552
169.0167 0.831328991159116
167.8563 0.773995957286073
168.1431 0.859995508095637
169.435 0.831328991159116
155.7428 1.08932764358781
159.1107 0.716662923413031
168.9843 0.831328991159116
163.8527 0.630663372603467
157.7289 0.745329440349552
160.7421 0.802662474222594
165.1951 0.745329440349552
166.3912 0.9459950589052
166.252 1.00332809277824
168.1682 0.515997304857382
165.1223 0.716662923413031
161.2458 0.9459950589052
152.6103 1.11799416052433
168.3935 0.487330787920861
153.1142 0.773995957286073
154.805 0.773995957286073
169.5064 0.487330787920861
152.1381 0.745329440349552
153.1999 1.03199460971476
151.0314 1.00332809277824
162.9626 1.17532719439737
160.6877 1.14666067746085
160.0691 1.20399371133389
152.3053 1.14666067746085
166.4615 1.26132674520693
168.5752 0.659329889539988
160.2872 1.08932764358781
150.743 1.00332809277824
159.9113 0.917328541968679
150.736 0.831328991159116
159.192 0.859995508095637
163.253 0.831328991159116
166.9214 1.14666067746085
167.2289 1.26132674520693
168.9118 0.917328541968679
153.9656 1.00332809277824
167.5828 0.716662923413031
139.7629 0.745329440349552
109.7536 0.917328541968679
100.0086 1.37599281295302
157.6302 0.745329440349552
117.0095 0.917328541968679
157.8881 0.544663821793903
120.0045 0.859995508095637
104.0077 1.37599281295302
161.1611 0.573330338730424
123.8357 0.601996855666946
136.5913 0.687996406476509
114.3257 1.03199460971476
151.1344 0.859995508095637
117.0899 0.859995508095637
164.32 0.687996406476509
154.5686 0.716662923413031
115.334 0.859995508095637
151.4972 0.859995508095637
115.9716 0.974661575841722
142.5291 0.544663821793903
167.2257 0.487330787920861
99.91048 1.17532719439737
141.0584 0.429997754047818
123.6084 0.573330338730424
138.9742 0.515997304857382
151.5308 0.601996855666946
135.3581 0.544663821793903
168.1204 0.544663821793903
105.8033 1.14666067746085
163.4804 0.917328541968679
144.7777 0.601996855666946
96.59252 1.11799416052433
143.9151 0.315331686301733
107.9824 0.9459950589052
150.6167 0.544663821793903
148.324 0.487330787920861
158.0623 0.716662923413031
121.3412 0.773995957286073
154.0348 0.544663821793903
131.8728 0.515997304857382
138.5526 0.773995957286073
148.7041 0.573330338730424
150.2567 0.487330787920861
156.8149 0.630663372603467
164.3298 0.573330338730424
137.8802 0.573330338730424
159.507 0.888662025032158
127.0094 0.745329440349552
133.8956 0.515997304857382
115.0452 0.831328991159116
152.8162 0.630663372603467
160.3247 0.573330338730424
137.5316 0.45866427098434
156.4684 0.601996855666946
163.8553 0.630663372603467
144.5469 0.601996855666946
147.2397 0.773995957286073
134.1843 0.601996855666946
154.2968 0.630663372603467
169.2257 0.917328541968679
96.73111 1.06066112665129
107.3621 0.315331686301733
120.1026 0.9459950589052
122.0744 0.917328541968679
103.5242 0.745329440349552
149.6044 1.17532719439737
126.4175 0.716662923413031
124.9929 0.831328991159116
137.3425 0.773995957286073
130.908 0.802662474222594
149.0497 0.9459950589052
147.8313 0.831328991159116
151.0993 0.687996406476509
122.3536 0.974661575841722
112.2542 0.687996406476509
126.3146 0.659329889539988
158.306 0.716662923413031
146.3687 0.888662025032158
138.2512 0.687996406476509
126.4691 0.716662923413031
153.9638 0.659329889539988
122.0947 0.859995508095637
135.1905 0.831328991159116
127.6313 0.831328991159116
128.6178 0.802662474222594
140.8129 1.06066112665129
128.3675 0.687996406476509
147.7018 0.974661575841722
120.3409 1.03199460971476
99.61049 1.26132674520693
83.85099 1.14666067746085
88.0223 1.23266022827041
98.07632 1.14666067746085
87.69269 1.06066112665129
88.0974 1.14666067746085
97.21205 0.917328541968679
111.5257 0.716662923413031
88.8315 1.11799416052433
88.33726 1.63399146538171
98.59991 1.37599281295302
86.32363 1.28999326214346
93.07279 1.28999326214346
100.6541 1.26132674520693
73.27372 1.26132674520693
77.70646 1.03199460971476
101.4499 1.3473262960165
97.60361 1.3473262960165
72.92555 1.20399371133389
95.46555 1.14666067746085
100.4711 1.43332584682606
126.016 0.343998203238255
94.72142 1.83465708393736
127.1141 0.372664720174776
101.02 2.00665618555649
103.5463 0.659329889539988
106.6173 0.601996855666946
109.3144 0.974661575841722
96.4412 1.77732405006432
79.37404 1.00332809277824
85.98047 1.28999326214346
89.51254 1.51932539763562
112.2502 1.03199460971476
104.2792 0.974661575841722
108.9943 1.43332584682606
105.6801 1.06066112665129
95.87016 1.51932539763562
97.06192 1.51932539763562
125.0612 0.487330787920861
117.1271 0.9459950589052
99.29955 1.83465708393736
100.4892 1.14666067746085
105.4685 1.66265798231823
99.63739 1.54799191457215
97.52785 1.40465932988954
71.0752 0.974661575841722
78.34016 0.888662025032158
78.54362 1.00332809277824
67.48874 0.974661575841722
100.8653 0.802662474222594
106.6402 0.974661575841722
97.22256 1.37599281295302
89.38174 1.26132674520693
70.50347 0.601996855666946
62.46881 0.630663372603467
66.20929 0.601996855666946
85.06193 1.66265798231823
81.97638 1.31865977907998
98.45643 1.11799416052433
78.73354 1.14666067746085
107.3301 0.917328541968679
92.92061 1.37599281295302
74.68219 0.716662923413031
97.39632 1.17532719439737
114.1028 0.9459950589052
106.9104 0.544663821793903
85.38591 1.3473262960165
114.6556 0.401331237111297
108.5592 0.630663372603467
108.1842 1.11799416052433
73.88042 1.40465932988954
107.0413 0.630663372603467
107.6352 0.9459950589052
77.96894 0.515997304857382
105.6494 0.773995957286073
82.63563 1.26132674520693
111.9943 1.28999326214346
105.215 1.23266022827041
136.3882 0.716662923413031
129.6736 0.429997754047818
137.6356 0.773995957286073
129.3483 0.716662923413031
95.65621 1.3473262960165
90.54817 1.69132449925475
100.8107 1.94932315168344
97.87028 1.06066112665129
103.8269 0.9459950589052
106.7785 1.3473262960165
101.5421 1.69132449925475
77.61551 1.23266022827041
103.1937 1.4906588806991
80.26681 0.831328991159116
110.1532 1.06066112665129
94.17507 0.974661575841722
84.03876 1.63399146538171
94.60841 1.92065663474692
81.29017 1.40465932988954
75.307 0.917328541968679
75.34302 1.26132674520693
85.35074 1.3473262960165
74.4255 1.26132674520693
133.7923 0.487330787920861
150.8687 0.487330787920861
166.0405 0.687996406476509
157.2479 0.343998203238255
159.0755 0.573330338730424
145.9005 0.630663372603467
145.9154 0.401331237111297
147.9517 0.286665169365212
143.8199 0.343998203238255
163.5837 0.401331237111297
123.1718 0.917328541968679
104.0818 1.40465932988954
169.5013 0.544663821793903
111.4593 1.06066112665129
111.2398 0.859995508095637
155.8871 0.888662025032158
106.6711 1.46199236376258
166.1304 0.773995957286073
115.5355 1.66265798231823
133.3447 0.687996406476509
122.3423 0.745329440349552
165.342 0.573330338730424
107.7887 1.66265798231823
115.3555 1.4906588806991
166.8705 0.859995508095637
105.788 1.08932764358781
152.6876 0.659329889539988
107.4083 1.3473262960165
165.8426 0.917328541968679
114.5697 1.57665843150867
169.5819 2.06398921942953
168.8304 2.03532270249301
164.8428 2.06398921942953
115.4533 0.716662923413031
109.3796 0.687996406476509
153.6831 0.630663372603467
120.161 0.745329440349552
161.3766 0.716662923413031
149.5444 0.630663372603467
156.3304 0.659329889539988
141.5348 1.11799416052433
128.098 0.859995508095637
158.7572 0.573330338730424
128.873 0.831328991159116
151.6817 0.573330338730424
119.5816 0.573330338730424
148.4492 0.601996855666946
149.8432 0.630663372603467
123.9215 0.831328991159116
167.7353 1.46199236376258
157.0248 0.601996855666946
155.0584 0.45866427098434
130.3145 0.429997754047818
132.1095 0.45866427098434
124.0901 0.831328991159116
121.631 0.630663372603467
162.8438 0.859995508095637
145.6802 0.687996406476509
168.9014 1.00332809277824
144.3344 1.60532494844519
155.0704 2.14998877023909
139.4878 1.3473262960165
141.3777 1.4906588806991
148.603 1.63399146538171
135.0499 1.46199236376258
129.7788 1.4906588806991
128.2856 1.57665843150867
133.3645 1.66265798231823
136.233 1.74865753312779
134.3624 1.63399146538171
134.9118 1.23266022827041
133.8345 1.17532719439737
130.0756 1.26132674520693
145.7379 1.69132449925475
145.4992 1.92065663474692
139.9538 1.43332584682606
126.7939 0.659329889539988
126.2139 1.46199236376258
148.0706 1.77732405006432
136.0687 1.46199236376258
137.948 0.888662025032158
137.8446 1.06066112665129
158.8098 2.00665618555649
165.4271 1.83465708393736
111.1743 0.802662474222594
109.7923 0.802662474222594
146.6324 1.69132449925475
149.4236 1.63399146538171
135.9775 1.37599281295302
160.999 1.83465708393736
140.6561 1.69132449925475
154.7751 2.14998877023909
140.3857 1.4906588806991
150.173 1.74865753312779
146.1515 1.8919901178104
129.536 1.23266022827041
157.7796 1.4906588806991
157.7737 1.26132674520693
135.323 1.31865977907998
139.7038 1.57665843150867
158.3488 2.12132225330257
137.3467 1.31865977907998
75.15389 0.630663372603467
79.73213 0.745329440349552
68.58892 0.773995957286073
97.06435 0.802662474222594
105.9568 0.687996406476509
135.4706 1.28999326214346
86.22321 0.745329440349552
82.1697 0.802662474222594
83.73382 0.802662474222594
86.10184 0.745329440349552
80.92961 0.745329440349552
94.76662 0.773995957286073
121.1249 0.630663372603467
126.1848 0.831328991159116
111.2834 0.859995508095637
88.98263 1.03199460971476
97.30882 0.802662474222594
110.7912 0.372664720174776
126.5978 1.46199236376258
118.6402 0.831328991159116
94.49193 0.802662474222594
131.587 1.46199236376258
91.94839 0.401331237111297
114.6572 1.03199460971476
108.6969 0.630663372603467
132.8332 1.37599281295302
68.32514 0.487330787920861
112.1183 0.859995508095637
121.1616 0.831328991159116
97.98997 0.716662923413031
86.53646 0.716662923413031
125.8891 0.888662025032158
91.06049 0.687996406476509
115.9513 0.716662923413031
108.1452 0.716662923413031
101.9996 0.45866427098434
94.65994 0.917328541968679
105.0379 0.573330338730424
123.9396 1.54799191457215
66.69912 0.716662923413031
133.7197 1.08932764358781
70.63913 0.573330338730424
125.8975 1.3473262960165
133.0722 1.08932764358781
69.6711 0.802662474222594
112.0927 0.630663372603467
75.75999 0.659329889539988
120.2891 1.3473262960165
126.3242 1.4906588806991
110.7246 0.659329889539988
117.1808 0.687996406476509
74.65238 0.601996855666946
137.8133 1.14666067746085
102.7986 0.544663821793903
117.4439 0.544663821793903
76.69844 0.773995957286073
119.4893 0.9459950589052
129.079 1.08932764358781
123.6765 1.03199460971476
82.41088 0.745329440349552
115.4641 0.343998203238255
118.8641 0.487330787920861
115.6551 0.401331237111297
111.6964 0.831328991159116
113.2872 0.429997754047818
91.45955 0.716662923413031
106.6818 0.45866427098434
97.22729 1.08932764358781
136.6897 1.37599281295302
108.2152 1.43332584682606
94.98549 1.3473262960165
92.87426 1.31865977907998
100.1064 1.4906588806991
151.363 0.802662474222594
102.6855 1.26132674520693
161.4345 1.66265798231823
162.0124 1.71999101619127
104.5117 1.06066112665129
167.2052 1.80599056700084
157.7122 1.57665843150867
129.5947 0.544663821793903
126.4425 0.515997304857382
156.2456 0.745329440349552
145.7171 1.46199236376258
150.1044 0.659329889539988
142.2266 1.00332809277824
168.8826 1.26132674520693
147.8687 0.745329440349552
161.9773 1.69132449925475
108.5751 0.917328541968679
100.5513 1.03199460971476
100.508 1.06066112665129
133.6009 0.573330338730424
129.7983 0.659329889539988
111.3752 0.372664720174776
103.9866 0.888662025032158
104.079 0.888662025032158
136.0183 0.45866427098434
125.9836 0.573330338730424
137.2697 0.745329440349552
157.7472 1.63399146538171
143.7417 1.3473262960165
132.6557 0.573330338730424
142.8208 0.343998203238255
135.4898 0.601996855666946
142.3527 0.773995957286073
157.5067 1.63399146538171
166.51 1.66265798231823
166.7559 1.77732405006432
137.1117 0.544663821793903
150.2892 0.659329889539988
152.6232 0.745329440349552
130.05 0.544663821793903
107.528 1.00332809277824
133.4695 0.745329440349552
154.9271 1.20399371133389
135.3412 0.659329889539988
142.175 1.43332584682606
150.6845 0.802662474222594
152.1543 0.773995957286073
155.9579 1.54799191457215
148.8766 0.802662474222594
152.0642 0.745329440349552
105.0305 0.429997754047818
142.5365 0.831328991159116
146.7525 0.888662025032158
146.7552 1.46199236376258
129.3488 0.401331237111297
144.5387 0.659329889539988
137.0396 0.745329440349552
116.6453 0.343998203238255
143.1843 0.544663821793903
108.6045 0.487330787920861
99.71691 0.687996406476509
142.3069 0.773995957286073
147.4088 0.630663372603467
160.5302 0.45866427098434
163.1517 0.659329889539988
151.5748 0.773995957286073
153.0034 0.659329889539988
157.796 0.659329889539988
152.8763 0.45866427098434
153.5408 0.515997304857382
163.3632 0.659329889539988
153.0533 0.573330338730424
149.3305 0.745329440349552
158.2421 0.745329440349552
159.8407 0.630663372603467
168.9868 0.601996855666946
155.1426 0.745329440349552
160.3579 0.773995957286073
154.9255 0.716662923413031
165.9613 0.745329440349552
168.6946 0.687996406476509
169.3482 1.54799191457215
167.0451 2.14998877023909
153.5331 1.80599056700084
160.1431 1.69132449925475
167.6363 2.00665618555649
165.6085 1.94932315168344
164.6518 2.66598607509647
154.4367 2.32198787185822
160.6856 2.4366539396043
160.2935 2.55132000735039
164.5446 0.429997754047818
168.2411 1.20399371133389
146.8226 0.9459950589052
163.8659 1.8919901178104
164.6694 2.40798742266778
160.1064 2.14998877023909
167.5494 1.08932764358781
162.1205 1.97798966861996
163.4987 1.11799416052433
169.5213 2.12132225330257
163.6399 0.9459950589052
152.907 0.831328991159116
166.0843 2.06398921942953
155.9085 0.515997304857382
161.5397 1.66265798231823
166.1039 1.23266022827041
148.5444 1.94932315168344
159.5097 1.94932315168344
156.8979 1.83465708393736
167.4388 2.2933213549217
152.4965 0.9459950589052
157.699 0.601996855666946
161.1616 1.08932764358781
168.4872 1.03199460971476
167.1291 1.66265798231823
154.6518 0.917328541968679
165.8642 1.94932315168344
163.7773 1.00332809277824
160.4948 1.06066112665129
169.5175 0.9459950589052
158.367 1.77732405006432
163.4431 2.06398921942953
168.8223 0.974661575841722
169.9229 2.23598832104866
147.6065 1.92065663474692
164.1521 2.4366539396043
166.4559 2.66598607509647
163.7472 2.46532045654083
162.5744 2.2933213549217
159.6972 2.2933213549217
158.7062 2.20732180411213
165.7318 0.687996406476509
159.4083 1.63399146538171
166.8202 1.74865753312779
163.2452 1.06066112665129
161.795 1.03199460971476
166.2031 1.03199460971476
163.2593 1.08932764358781
165.7396 1.06066112665129
161.6269 1.57665843150867
154.6331 1.17532719439737
143.9621 1.08932764358781
145.3508 1.06066112665129
156.1498 1.14666067746085
157.1014 1.54799191457215
167.53 1.06066112665129
150.7191 1.11799416052433
146.6261 0.917328541968679
144.0203 1.17532719439737
163.4935 1.31865977907998
164.888 1.77732405006432
166.0586 0.659329889539988
170.0122 0.716662923413031
163.6794 1.69132449925475
157.9002 1.46199236376258
164.7119 1.60532494844519
148.7373 0.974661575841722
165.7374 1.28999326214346
155.9082 1.46199236376258
164.7532 0.859995508095637
168.6218 1.11799416052433
157.8421 1.11799416052433
154.083 1.60532494844519
159.0531 1.20399371133389
168.6798 1.77732405006432
158.0182 1.06066112665129
165.4066 1.14666067746085
160.5062 1.60532494844519
165.4505 1.51932539763562
152.0436 1.06066112665129
162.4908 1.37599281295302
169.8201 1.66265798231823
155.7523 1.08932764358781
159.442 1.63399146538171
154.2798 1.03199460971476
166.6129 1.74865753312779
151.8926 1.00332809277824
147.3338 0.716662923413031
155.6599 0.745329440349552
147.5703 0.716662923413031
161.7399 0.687996406476509
151.2443 0.773995957286073
144.8535 1.03199460971476
141.6368 0.630663372603467
156.0999 0.917328541968679
132.2876 0.917328541968679
166.4061 0.773995957286073
153.3152 0.831328991159116
151.5103 0.859995508095637
165.7039 0.601996855666946
151.7207 0.716662923413031
153.1831 0.716662923413031
112.6468 0.544663821793903
141.9856 0.888662025032158
155.8416 0.659329889539988
158.7829 0.687996406476509
150.3327 0.659329889539988
144.324 1.06066112665129
163.5382 0.544663821793903
165.6371 0.802662474222594
119.5529 0.372664720174776
127.4792 0.401331237111297
149.7173 1.08932764358781
155.9577 0.917328541968679
161.0222 0.716662923413031
146.5069 0.487330787920861
164.4332 0.888662025032158
146.3079 1.14666067746085
166.3764 0.601996855666946
126.9235 0.659329889539988
113.8023 0.487330787920861
143.1848 0.773995957286073
156.4935 0.745329440349552
166.5934 0.573330338730424
164.8695 0.687996406476509
157.7047 0.802662474222594
145.3048 0.487330787920861
145.209 0.601996855666946
145.5604 0.601996855666946
150.6173 0.716662923413031
165.8395 0.687996406476509
160.4924 0.802662474222594
165.8048 1.14666067746085
167.4506 1.06066112665129
166.5835 0.802662474222594
163.9592 1.37599281295302
155.6333 0.917328541968679
138.3525 1.14666067746085
145.8046 1.14666067746085
155.3945 0.888662025032158
146.5433 1.17532719439737
158.5384 0.630663372603467
167.742 1.23266022827041
168.1798 1.43332584682606
168.3951 1.11799416052433
165.6032 1.11799416052433
158.3509 0.401331237111297
159.4935 0.802662474222594
120.1627 0.773995957286073
162.2598 1.06066112665129
147.4946 0.45866427098434
161.7554 1.14666067746085
154.2985 0.888662025032158
133.9319 0.745329440349552
147.491 0.573330338730424
157.2926 0.515997304857382
163.4559 0.286665169365212
141.0144 0.773995957286073
164.3177 0.429997754047818
146.687 0.974661575841722
157.581 1.06066112665129
154.2442 0.601996855666946
163.4455 0.630663372603467
153.2787 0.773995957286073
133.1631 1.80599056700084
131.9262 2.20732180411213
133.8462 2.20732180411213
132.4017 2.14998877023909
123.5422 0.9459950589052
150.3835 1.94932315168344
153.8342 2.03532270249301
159.9282 0.802662474222594
142.4651 1.06066112665129
159.1503 0.630663372603467
156.3124 2.03532270249301
124.81 1.74865753312779
145.7574 1.97798966861996
161.2651 1.51932539763562
165.5044 0.917328541968679
123.9412 1.94932315168344
131.1632 2.06398921942953
146.7847 0.716662923413031
150.1508 0.974661575841722
124.5825 2.00665618555649
126.1007 1.57665843150867
121.0974 1.3473262960165
149.9192 1.74865753312779
116.9023 1.43332584682606
157.9019 1.74865753312779
147.8549 1.54799191457215
140.4065 2.03532270249301
127.9876 0.687996406476509
147.897 1.06066112665129
160.2527 0.745329440349552
134.3531 0.659329889539988
157.0368 1.28999326214346
118.1334 0.831328991159116
154.7738 1.08932764358781
158.6411 1.37599281295302
139.8007 0.687996406476509
138.7447 1.8919901178104
144.0391 0.773995957286073
149.666 1.80599056700084
144.3792 2.03532270249301
151.99 1.00332809277824
141.8193 1.74865753312779
123.3785 0.974661575841722
143.2576 0.630663372603467
138.8059 2.06398921942953
147.6825 0.716662923413031
157.4143 0.745329440349552
127.6705 0.659329889539988
162.6751 1.40465932988954
125.9142 0.9459950589052
169.4582 1.37599281295302
128.4885 0.659329889539988
129.2817 0.773995957286073
159.3056 1.43332584682606
151.0968 1.37599281295302
152.4161 1.40465932988954
149.2845 1.71999101619127
109.3543 0.687996406476509
153.6799 2.06398921942953
161.4919 1.46199236376258
167.7623 0.745329440349552
149.365 0.601996855666946
156.0724 0.601996855666946
164.8499 0.630663372603467
167.5248 0.544663821793903
169.9166 0.716662923413031
163.82 0.831328991159116
158.9179 0.716662923413031
163.1683 0.659329889539988
166.3243 0.773995957286073
148.2295 0.544663821793903
154.6303 0.716662923413031
167.1664 0.773995957286073
156.8364 0.315331686301733
161.8143 0.716662923413031
148.0242 0.630663372603467
153.5758 0.831328991159116
163.5451 0.716662923413031
145.4956 0.630663372603467
163.8942 0.859995508095637
154.3206 0.802662474222594
166.0546 0.773995957286073
155.2129 0.831328991159116
165.0132 0.745329440349552
152.5434 0.515997304857382
138.6776 0.601996855666946
167.1199 0.773995957286073
165.4145 0.831328991159116
161.9119 0.831328991159116
166.643 1.00332809277824
150.4384 0.601996855666946
165.3594 0.773995957286073
149.7118 0.601996855666946
165.8538 0.315331686301733
126.0794 1.4906588806991
159.8603 0.659329889539988
112.2391 1.14666067746085
122.9173 1.03199460971476
132.8152 1.28999326214346
114.5897 1.28999326214346
135.8113 1.26132674520693
122.0137 1.31865977907998
162.8153 0.630663372603467
164.1941 0.601996855666946
114.4993 1.23266022827041
162.683 0.687996406476509
150.0101 0.831328991159116
116.9055 1.06066112665129
117.5415 1.28999326214346
128.7682 0.888662025032158
134.5051 0.773995957286073
160.7174 0.745329440349552
129.0064 1.00332809277824
126.9641 1.03199460971476
139.0782 0.802662474222594
130.8914 1.26132674520693
122.6468 1.14666067746085
158.9509 0.515997304857382
134.2035 0.802662474222594
112.8459 1.14666067746085
129.9316 1.03199460971476
134.7192 1.20399371133389
133.5032 0.802662474222594
129.0216 0.917328541968679
114.4898 1.23266022827041
150.4622 0.773995957286073
140.1747 1.17532719439737
149.8921 0.687996406476509
144.6144 0.888662025032158
119.7461 0.831328991159116
139.7746 1.14666067746085
135.2627 1.23266022827041
133.1928 0.630663372603467
111.6068 1.46199236376258
110.148 1.43332584682606
94.01885 1.28999326214346
123.0791 1.28999326214346
88.84568 1.23266022827041
120.3906 1.20399371133389
96.69633 1.20399371133389
105.9035 1.40465932988954
107.6575 1.43332584682606
99.4483 1.26132674520693
104.9826 1.37599281295302
89.10329 1.20399371133389
101.8747 1.54799191457215
101.1305 1.37599281295302
109.7771 1.37599281295302
104.1823 1.37599281295302
86.40471 0.831328991159116
95.2674 1.37599281295302
85.61766 1.06066112665129
92.02047 1.3473262960165
93.77029 1.51932539763562
95.13748 1.60532494844519
102.9199 1.31865977907998
105.4469 1.46199236376258
106.1527 1.37599281295302
105.3565 1.28999326214346
121.8746 0.831328991159116
121.8983 0.802662474222594
106.4647 0.515997304857382
102.2496 0.659329889539988
103.2238 0.687996406476509
84.73345 0.974661575841722
99.31991 1.4906588806991
76.27411 0.802662474222594
106.5028 1.17532719439737
105.0443 1.60532494844519
120.362 1.20399371133389
122.231 1.08932764358781
107.188 1.37599281295302
119.6611 1.31865977907998
127.7482 0.773995957286073
119.0735 0.974661575841722
90.6949 1.08932764358781
105.81 1.40465932988954
94.7527 0.659329889539988
92.79268 1.51932539763562
121.5844 1.23266022827041
118.5068 1.14666067746085
86.58661 0.601996855666946
103.3315 1.37599281295302
85.75347 0.630663372603467
95.37661 1.11799416052433
98.6645 1.20399371133389
113.3933 1.08932764358781
64.22821 0.315331686301733
86.63847 0.601996855666946
102.8202 1.40465932988954
100.2052 1.3473262960165
94.85901 1.17532719439737
112.031 0.659329889539988
74.78489 0.802662474222594
94.57677 1.11799416052433
104.9019 1.40465932988954
104.2303 1.54799191457215
118.8086 1.08932764358781
99.1874 0.831328991159116
97.9698 1.54799191457215
87.96718 0.573330338730424
100.475 0.745329440349552
88.8111 0.630663372603467
99.86293 1.28999326214346
90.1808 0.773995957286073
106.5769 0.487330787920861
101.5566 1.17532719439737
102.417 0.401331237111297
83.62328 0.630663372603467
98.60949 1.40465932988954
90.47081 1.03199460971476
98.8835 1.40465932988954
88.00267 0.745329440349552
82.40779 0.917328541968679
101.8094 1.14666067746085
109.9422 1.46199236376258
95.96818 0.831328991159116
123.6337 1.00332809277824
92.71032 0.687996406476509
102.2468 0.630663372603467
105.5107 1.4906588806991
110.4021 0.974661575841722
110.2261 0.687996406476509
120.427 1.28999326214346
91.32253 0.859995508095637
93.0761 0.888662025032158
94.17312 0.859995508095637
91.72401 1.20399371133389
94.03919 1.06066112665129
89.97703 0.859995508095637
167.781 1.28999326214346
119.4084 1.51932539763562
103.0196 1.51932539763562
140.589 1.06066112665129
148.8765 1.17532719439737
152.504 0.716662923413031
161.7117 0.773995957286073
148.097 0.659329889539988
155.621 0.687996406476509
151.3497 0.687996406476509
123.5819 1.03199460971476
119.168 1.4906588806991
126.9247 1.43332584682606
117.4423 1.71999101619127
115.7329 1.54799191457215
119.3287 1.3473262960165
112.3049 1.60532494844519
144.2357 1.03199460971476
140.2239 1.14666067746085
146.84 0.487330787920861
166.4998 0.716662923413031
135.7932 1.17532719439737
136.4035 1.08932764358781
146.8661 1.06066112665129
145.1973 0.659329889539988
107.4323 1.43332584682606
133.3909 1.20399371133389
115.8567 1.23266022827041
165.0115 0.429997754047818
153.6823 0.745329440349552
164.12 0.9459950589052
125.9642 1.23266022827041
141.2656 1.14666067746085
131.2421 0.9459950589052
152.6375 0.773995957286073
154.3433 0.974661575841722
142.3107 1.00332809277824
123.9614 0.9459950589052
143.0219 1.06066112665129
163.8902 0.773995957286073
131.6346 1.26132674520693
124.0946 0.802662474222594
116.6539 1.46199236376258
162.8564 1.08932764358781
143.7398 0.630663372603467
151.8343 0.802662474222594
131.6429 1.14666067746085
114.3894 1.66265798231823
150.1096 1.03199460971476
97.89741 1.26132674520693
132.6869 1.17532719439737
137.8887 1.31865977907998
158.6277 1.03199460971476
127.2412 1.17532719439737
150.7304 0.573330338730424
167.8715 1.17532719439737
133.0275 0.601996855666946
127.4537 0.687996406476509
147.0707 0.9459950589052
122.4164 0.630663372603467
117.6323 1.66265798231823
137.9265 0.544663821793903
155.9123 0.888662025032158
164.9288 0.429997754047818
142.2384 0.974661575841722
102.91 0.9459950589052
129.1587 0.659329889539988
140.2538 0.859995508095637
115.6176 0.888662025032158
156.0929 0.859995508095637
154.515 1.08932764358781
133.5574 1.08932764358781
105.8888 0.745329440349552
123.3528 1.4906588806991
135.2453 0.802662474222594
140.0545 1.00332809277824
122.0246 1.20399371133389
128.11 0.859995508095637
146.5529 1.11799416052433
134.1008 1.17532719439737
135.6058 1.20399371133389
129.4809 1.06066112665129
121.7087 1.60532494844519
150.259 0.630663372603467
127.2257 0.917328541968679
159.4501 1.17532719439737
155.9633 1.17532719439737
129.7337 0.831328991159116
123.3423 0.745329440349552
113.5643 1.23266022827041
121.9046 0.9459950589052
126.3186 0.544663821793903
135.581 1.03199460971476
122.784 0.630663372603467
131.8624 1.26132674520693
106.0433 0.859995508095637
135.9806 0.802662474222594
115.9245 1.54799191457215
122.8429 1.37599281295302
110.0408 1.57665843150867
135.6854 1.26132674520693
129.5163 1.20399371133389
167.2248 0.917328541968679
126.606 0.745329440349552
139.1303 1.08932764358781
147.3036 1.14666067746085
144.4778 1.03199460971476
142.6762 1.00332809277824
141.8194 0.974661575841722
142.9244 1.00332809277824
164.2937 0.659329889539988
162.5023 0.687996406476509
159.9012 0.659329889539988
144.6353 1.08932764358781
164.8884 1.00332809277824
162.1433 0.831328991159116
147.1987 1.14666067746085
142.7429 1.11799416052433
143.4912 1.14666067746085
157.7526 0.601996855666946
151.9418 0.888662025032158
141.0808 1.00332809277824
149.6136 0.802662474222594
163.8803 0.716662923413031
161.5806 0.659329889539988
169.6339 0.601996855666946
165.9463 0.515997304857382
155.4561 0.745329440349552
145.1551 0.888662025032158
144.2614 1.06066112665129
